CHROM	POS	SNP	other_allele	effect_allele	AF	STAT	pval	beta	se	N	EFFECTIVE_N
1	1590521	rs79113395	G	A	0.268	2.36	0.125	-0.003518188	0.002290145	500531	390703
1	8708529	rs11121210	T	C	0.601	0.505	0.478	0.001433315	0.002016954	535425	533343
1	11112836	rs1884429	T	C	0.777	1.73	0.189	-0.002988975	0.002272476	535425	527643
1	23345051	rs561136	C	T	0.853	0.944	0.331	-0.002722253	0.002801835	535425	529660
1	38026600	rs11577094	C	T	0.0676	0.383	0.536	-0.002147888	0.003470661	535425	528365
1	39562627	rs112566467	C	T	0.21	0.159	0.69	-0.000944397	0.002368405	535425	522426
1	49710264	rs12121950	G	T	0.337	1.28	0.257	0.002314476	0.002045727	531661	500984
1	62579891	rs12140153	G	T	0.0715	0.0365	0.849	0.000622666	0.003259181	535425	498710
1	66447394	rs6690398	G	A	0.559	15.8	7.12E-05	0.007742104	0.001947738	535425	530916
1	72751185	rs3101336	T	C	0.628	13.9	0.000188	-0.007363583	0.001975067	535425	533479
1	77967523	rs12049202	C	T	0.197	0.523	0.469	-0.001760477	0.002434331	535425	533644
1	96887370	rs2968487	C	T	0.279	7.05	0.00794	0.005714589	0.002152239	535425	531488
1	98315893	rs12072739	A	G	0.223	0.00172	0.967	9.52E-05	0.002296288	535425	533260
1	107617707	rs1730859	G	A	0.689	0.645	0.422	-0.001645528	0.002048922	535425	526253
1	110154688	rs17024393	T	C	0.0286	0.0242	0.877	0.000914415	0.00587808	535425	522015
1	118864616	rs7534091	A	G	0.259	1.07	0.302	0.002278899	0.002203095	535425	534143
1	156049877	rs61813324	C	T	0.122	1.26	0.262	0.003194373	0.002845773	535425	481937
1	174321997	rs61828641	G	A	0.115	0.608	0.436	0.002437642	0.003126209	535425	532034
1	177889480	rs543874	A	G	0.179	7.34	0.00674	-0.006508884	0.002402473	535425	532958
1	190239907	rs10920678	A	G	0.566	3.3	0.0691	-0.003545855	0.001951929	535425	529106
1	194965200	rs2400414	C	T	0.357	10.6	0.00113	-0.006512929	0.00200043	535425	531431
1	201800868	rs2820295	G	A	0.305	0.586	0.444	-0.001563857	0.002042906	535425	529947
1	210095527	rs6661316	C	T	0.567	10.5	0.00122	-0.006338292	0.001956039	535425	534090
1	243684019	rs946824	T	C	0.87	0.375	0.54	0.001777225	0.002902196	535425	527309
2	632348	rs13021737	A	G	0.83	7.59	0.00587	0.007058336	0.002562014	537349	536025
2	6155557	rs10929925	C	A	0.45	0.027	0.87	0.000320252	0.001948992	537349	534663
2	12851120	rs7607490	G	A	0.105	0.442	0.506	-0.002083273	0.003133539	537349	528450
2	25136866	rs10203386	T	A	0.44	5.36	0.0206	0.004495828	0.001941902	537349	533521
2	35409697	rs1561554	G	C	0.628	0.33	0.566	-0.001136628	0.001978615	537349	529882
2	36788616	rs3770799	A	G	0.368	0.0956	0.757	-0.000620244	0.002006013	537349	533346
2	48954905	rs7561278	T	C	0.223	5.45	0.0196	0.00544512	0.002332433	537349	522484
2	50233352	rs930295	A	C	0.846	0.548	0.459	0.001933261	0.002611561	537349	536323
2	58935282	rs4671328	T	G	0.557	2.66	0.103	0.00327594	0.002008607	500531	486400
2	59307725	rs6545714	G	A	0.607	0.0375	0.846	-0.000382456	0.001974996	537349	530922
2	67837553	rs2861685	T	C	0.415	1.42	0.233	-0.002340694	0.001964267	537349	534500
2	86812549	rs12714199	C	T	0.613	3.04	0.0812	0.003470395	0.001990408	537349	531711
2	100801959	rs13002946	T	A	0.267	0.824	0.364	-0.001991322	0.002193704	537349	522982
2	104308545	rs264962	C	G	0.442	0.767	0.381	-0.001694766	0.001935138	537349	535969
2	133523605	rs13033310	G	A	0.26	3.61	0.0576	-0.004210407	0.002216004	537349	529258
2	147901207	rs1451077	G	A	0.581	1.88	0.171	-0.00268622	0.001959128	537349	533178
2	161265910	rs12692596	C	T	0.364	2.28	0.131	-0.003021964	0.002001345	537349	533028
2	181575281	rs7588437	G	A	0.341	0.544	0.461	-0.001483133	0.002010854	537349	527255
2	182653725	rs7575118	T	C	0.866	0.0571	0.811	-0.000668856	0.002799074	500531	483965
2	193801010	rs7570446	C	A	0.531	7.65	0.00567	-0.005355863	0.001936416	537349	534612
2	203970283	rs10497870	A	G	0.407	1.09	0.296	0.002055722	0.001969025	537349	533556
2	205365851	rs1470545	T	C	0.954	0.296	0.587	-0.002678163	0.004922562	537349	524200
2	208263279	rs11692326	C	T	0.209	5.19	0.0228	0.005229926	0.002295683	537349	536825
2	213413231	rs7599312	G	A	0.262	2.75	0.0971	-0.003594786	0.002167737	537349	525967
2	229002620	rs4973618	A	G	0.355	8.5	0.00356	-0.005928437	0.002033437	537349	536374
2	230663576	rs6720868	C	T	0.335	0.273	0.602	-0.001081357	0.002069607	537349	532906
2	236854450	rs9808302	G	A	0.529	1	0.317	-0.001931113	0.001931113	537349	531570
3	9507314	rs59302296	T	A	0.101	0.733	0.392	0.002740742	0.003201225	537349	531921
3	12426936	rs10510419	G	T	0.15	4.67	0.0308	0.005903504	0.002731816	537349	534526
3	20714580	rs4857968	G	A	0.249	0.171	0.679	-0.000888402	0.002148382	537349	530029
3	25106437	rs6804842	A	G	0.57	1.23	0.267	0.002165465	0.001952534	537349	533170
3	42418446	rs28350	A	G	0.818	4.07	0.0437	0.00503289	0.002494711	537349	527735
3	49915506	rs9862795	A	T	0.504	0.229	0.632	0.000923817	0.001930494	537349	526387
3	61187046	rs1916801	A	T	0.406	2.08	0.15	0.002828593	0.001961277	537349	535882
3	70539559	rs11915371	A	C	0.208	0.844	0.358	0.002171942	0.002364161	537349	531369
3	85861064	rs9818122	T	C	0.211	20.5	6.12E-06	0.010741882	0.002372485	533585	530075
3	104606144	rs1436344	G	C	0.566	0.954	0.329	0.00190894	0.001954421	537349	532589
3	114399296	rs17681451	G	A	0.0765	1.29	0.257	0.004002125	0.003523674	537349	533046
3	116937546	rs6804181	A	T	0.179	1.38	0.241	0.003060351	0.002605144	537349	529474
3	131751628	rs7631156	G	A	0.3	1.53	0.216	-0.002573072	0.002080206	537349	535493
3	141275436	rs16851483	G	T	0.0613	24.9	6.14E-07	-0.019767618	0.003961454	537349	533220
3	154034950	rs355777	G	C	0.418	0.983	0.321	0.001948263	0.001965037	537349	534246
3	156295341	rs9826775	A	G	0.147	1.49	0.222	-0.003288574	0.002694105	537349	535395
3	171113714	rs12635553	A	T	0.474	0.00694	0.934	0.000160722	0.001929277	537349	532427
3	173095123	rs39654	A	G	0.56	0.178	0.673	-0.000817725	0.001938194	537349	526439
3	181329682	rs6443750	T	C	0.822	0.303	0.582	0.001337587	0.002429969	537349	507166
3	185834499	rs9816226	A	T	0.834	3.25	0.0713	-0.004497404	0.002494711	537349	530087
3	194881756	rs7616009	G	A	0.144	0.00901	0.924	0.000257851	0.002716478	537349	522343
4	3298800	rs2051559	T	C	0.128	6.87	0.00877	-0.007469445	0.002849771	537349	530512
4	25408838	rs34811474	G	A	0.198	5.36	0.0206	0.005331341	0.002302789	537349	517969
4	45182527	rs10938397	A	G	0.425	7.53	0.00605	-0.005352954	0.001950725	537349	534428
4	55505360	rs2192158	A	G	0.517	5.17	0.023	0.004411494	0.001940173	537349	535478
4	65651730	rs1346841	G	A	0.41	1.42	0.233	0.002353479	0.001974996	537349	531886
4	77096118	rs17001561	G	A	0.156	2.7	0.1	0.0043913	0.00267246	537349	530968
4	80717182	rs35851183	A	G	0.363	3.04	0.0812	0.003519282	0.002018447	537349	529027
4	89039082	rs1481012	A	G	0.098	7.92	0.00488	-0.008710985	0.003095314	537349	530112
4	95093855	rs7678054	G	A	0.457	1.73	0.188	0.002542413	0.001932961	537349	535712
4	103188709	rs13107325	C	T	0.0654	86.8	1.23E-20	-0.036454753	0.00391286	537349	528164
4	113313986	rs4834272	T	C	0.351	14.6	0.000136	-0.00782665	0.002048328	537349	530191
4	120319434	rs12509234	T	C	0.288	0.998	0.318	0.002123703	0.00212583	537349	533020
4	130726833	rs2391540	T	A	0.673	1.37	0.242	-0.002397506	0.002048328	537349	532746
4	137071335	rs1451109	A	G	0.319	0.126	0.722	0.000742346	0.002091322	537349	531777
4	140863365	rs57800857	A	C	0.359	1.23	0.267	0.002302442	0.002076042	500531	487696
4	153028860	rs17276464	C	T	0.409	1.26	0.261	0.002266121	0.002018821	500531	493477
4	162129844	rs13110266	G	A	0.397	0.825	0.364	0.001780109	0.001959835	537349	528989
4	171632637	rs1522569	T	G	0.178	0.679	0.41	0.002087237	0.00253301	537349	533596
4	173597016	rs1437842	G	A	0.482	1.19	0.274	-0.002106076	0.001930637	537349	530938
4	180187034	rs6850421	A	G	0.525	0.833	0.361	-0.001766747	0.001935761	537349	535397
5	3513485	rs698147	A	G	0.532	0.15	0.699	0.000750515	0.001937823	537349	531661
5	27193573	rs6890310	G	A	0.273	0.322	0.57	0.001215156	0.002141431	537349	532451
5	43110855	rs6451675	C	G	0.686	3.25	0.0715	0.003734158	0.002071338	537349	530104
5	63026280	rs4700608	T	C	0.507	0.0187	0.891	0.000263909	0.001929895	537349	533195
5	75015242	rs2112347	T	G	0.375	1.43	0.232	0.002404632	0.002010854	537349	536141
5	80841914	rs10942267	A	G	0.305	8.93	0.00281	-0.006260949	0.002095147	537349	531823
5	87963600	rs1501673	G	A	0.145	0.115	0.735	0.000979135	0.002887311	537349	535505
5	95716722	rs7713317	A	G	0.284	0.299	0.585	0.001166022	0.002132412	537349	533688
5	105876806	rs11739877	C	T	0.612	7.83	0.00514	-0.005558145	0.001986319	537349	532784
5	107422067	rs288230	T	C	0.169	12.4	0.000432	-0.009107242	0.002586283	537349	530795
5	112176756	rs459552	T	A	0.779	0.00089	0.976	-6.83E-05	0.002288693	537349	527470
5	124330522	rs6864049	A	G	0.558	0.329	0.566	-0.001109464	0.001934262	537349	527940
5	139080745	rs13174863	A	G	0.172	0.187	0.665	0.001171439	0.002708937	537349	510379
5	153546808	rs10044136	G	C	0.559	0.802	0.371	0.001747494	0.00195132	537349	534556
5	158460212	rs7734385	G	A	0.408	0.321	0.571	0.001103607	0.001947879	537349	533870
5	164557954	rs2861089	A	T	0.615	3.4	0.0652	-0.003675981	0.001993581	537349	535893
5	170599327	rs2053682	C	A	0.681	0.157	0.692	-0.000818689	0.002066186	537349	530624
5	176527577	rs6556301	G	T	0.35	9.15	0.00249	-0.006053861	0.002001345	537349	506957
6	12124855	rs2228213	G	A	0.347	0.744	0.388	-0.00175395	0.002033437	537349	532104
6	13180454	rs11757278	T	C	0.307	0.311	0.577	-0.001160076	0.002080206	537349	535639
6	20482335	rs3806114	G	A	0.703	0.0112	0.916	0.000217613	0.002056247	537349	518102
6	34677103	rs6932930	G	A	0.768	8.65	0.00326	-0.006826507	0.002321082	537349	536537
6	50798526	rs2206277	C	T	0.178	7.68	0.00559	-0.006943144	0.002505391	537349	532447
6	53995542	rs816367	G	C	0.643	4.21	0.0403	0.004118444	0.002007207	537349	536235
6	64240516	rs2622274	G	T	0.429	3.07	0.0797	0.003401708	0.001941458	537349	535232
6	83447813	rs7769594	C	T	0.16	0.238	0.625	-0.001283647	0.00263122	537349	521110
6	98429337	rs9320823	T	C	0.621	15.8	7.20E-05	-0.007850453	0.001974996	537349	532579
6	108906200	rs12206094	C	T	0.29	6.84	0.00894	-0.005643662	0.002157908	537349	535466
6	120213880	rs2357760	G	A	0.67	1.72	0.19	0.002694632	0.002054638	537349	532129
6	126040435	rs1269175	A	G	0.479	1.25	0.264	0.00216011	0.001932061	537349	528438
6	131898208	rs2246012	T	C	0.165	0.566	0.452	-0.001931975	0.00256799	537349	532851
6	142703483	rs6922607	A	G	0.199	0.162	0.687	0.000993705	0.002468879	537349	535757
6	143185683	rs765875	C	T	0.491	1.49	0.223	-0.002355411	0.001929628	537349	532726
6	160774486	rs487152	C	A	0.484	1.41	0.236	0.002293276	0.001931287	537349	533822
6	163033350	rs13191362	A	G	0.117	4.9	0.0268	0.00645648	0.00291674	537349	533953
7	1872921	rs4721089	C	T	0.766	5.98	0.0145	-0.005657864	0.002313673	537349	519772
7	5542513	rs6463489	T	C	0.91	0.262	0.609	-0.001590791	0.003107867	537349	533780
7	24354300	rs4307239	A	G	0.478	0.159	0.69	0.000772416	0.001937104	537349	531612
7	32347335	rs215614	G	A	0.633	0.073	0.787	0.000541995	0.002006013	537349	536991
7	44788657	rs6962280	A	G	0.555	3.07	0.0796	-0.003394702	0.001937459	537349	520742
7	50614173	rs10499694	A	G	0.501	2.62	0.105	0.003123651	0.001929798	537349	535017
7	75150312	rs1167821	A	T	0.432	0.117	0.732	0.000662964	0.001938194	537349	519884
7	77055885	rs740157	A	G	0.55	5.76	0.0164	0.004671055	0.001946273	537349	533113
7	77829768	rs1852006	G	A	0.364	1.94	0.164	0.002806013	0.0020146	537349	534738
7	78139581	rs1030015	G	T	0.524	0.665	0.415	-0.001573867	0.001929999	537349	534825
7	93089243	rs7777084	G	A	0.464	2.09	0.148	0.002794107	0.001932724	537349	531455
7	100804140	rs1048303	C	T	0.582	2.78	0.0956	-0.003272565	0.001962754	537349	534474
7	113028634	rs2396625	T	A	0.416	0.12	0.73	0.000677945	0.001957058	537349	525254
7	121964349	rs1899689	C	T	0.402	2.05	0.152	0.002827764	0.001974996	537349	536090
7	137435925	rs7802342	T	G	0.276	0.259	0.611	0.001085228	0.002132412	537349	530399
7	138817193	rs11525873	T	C	0.101	0.0828	0.774	0.000931054	0.003235635	537349	530350
7	150638484	rs2907948	G	A	0.241	0.0572	0.811	0.000539418	0.00225542	537349	534814
8	4288577	rs1658820	G	T	0.262	0.522	0.47	-0.001623018	0.002246406	528436	515043
8	11024663	rs4841504	C	A	0.482	2.86	0.0908	0.003274139	0.001936039	533585	525612
8	14091025	rs4123853	C	T	0.363	0.222	0.638	-0.000940851	0.001996846	537349	534797
8	15535226	rs354508	T	C	0.835	0.568	0.451	0.002035991	0.00270148	537349	533254
8	28021769	rs1982441	G	T	0.128	1.34	0.247	0.003277916	0.002831688	537349	532895
8	30863938	rs10954772	T	C	0.694	0.00273	0.958	0.000108595	0.002078404	537349	523340
8	32400115	rs7826312	T	C	0.579	0.143	0.705	0.000741118	0.001959835	537349	530678
8	38329650	rs36061954	C	T	0.382	1.59	0.208	0.002487077	0.001972381	537349	526971
8	62054463	rs12681792	C	A	0.2	0.19	0.663	-0.001051172	0.002411553	537349	530055
8	73439070	rs1431659	A	G	0.727	0.132	0.717	0.000789406	0.002172769	537349	533936
8	76806584	rs17405819	T	C	0.291	0.0601	0.806	-0.000516041	0.002104976	537349	536005
8	85089437	rs2196618	A	G	0.724	0.045	0.832	-0.000461998	0.002177879	537349	529580
8	95582606	rs12680842	A	G	0.343	1.07	0.3	0.002123682	0.002053041	537349	532234
8	106430676	rs1383592	G	A	0.227	0.247	0.62	-0.00118753	0.002389441	537349	535085
8	116670347	rs3808477	C	T	0.262	9.96	0.0016	-0.006765496	0.00214373	537349	535280
8	118884379	rs72673947	A	G	0.12	0.0357	0.85	0.000587214	0.003107867	537349	522377
8	142619234	rs1106761	G	A	0.365	17.5	2.92E-05	-0.008309368	0.001986319	537349	509442
8	143383694	rs10099330	A	G	0.455	0.187	0.665	-0.000839554	0.001941458	537349	530943
9	6942940	rs7037266	C	A	0.37	0.606	0.436	-0.00156068	0.00200483	537349	533820
9	15634326	rs4740619	T	C	0.473	9.39	0.00218	-0.00593809	0.001937823	537349	533609
9	28412078	rs2183824	C	T	0.297	2.26	0.133	-0.003103618	0.002064496	537349	532322
9	37200103	rs6476617	G	A	0.376	0.119	0.73	0.000688839	0.001996846	537349	532682
9	73837155	rs2134858	C	T	0.514	1.03	0.31	0.001958359	0.001929628	537349	534994
9	80532374	rs10116186	A	G	0.536	1.11	0.292	0.002039792	0.001936085	537349	525197
9	84186734	rs2777768	A	G	0.258	1.49	0.222	0.002674473	0.002191014	537349	530734
9	92207308	rs7357754	A	G	0.487	10.9	0.000975	-0.006369626	0.001929304	537349	528714
9	94187247	rs3811125	C	T	0.277	0.00149	0.969	-8.43E-05	0.002183071	537349	530701
9	96403367	rs10761247	G	A	0.564	0.0875	0.767	-0.000580371	0.001962011	537349	532372
9	109072075	rs7024334	T	G	0.762	4.4	0.0359	-0.004884549	0.002328617	537349	536207
9	111932342	rs6477694	C	T	0.646	0.261	0.61	-0.001027308	0.002010854	537349	533180
9	120378483	rs1928295	T	C	0.435	0.621	0.431	-0.001532525	0.001944741	537349	537280
9	122651784	rs10984756	C	G	0.101	0.0101	0.92	-0.000318935	0.003173525	537349	529737
9	129465233	rs867560	C	G	0.451	1.15	0.284	0.002082943	0.001942355	537349	532573
9	133783025	rs3739514	G	A	0.336	6.24	0.0125	-0.005051942	0.002022395	537349	505043
9	137989785	rs10858334	C	G	0.129	4.06	0.044	-0.005803892	0.002880423	500531	462973
10	16750129	rs7893571	G	T	0.684	1.55	0.213	0.002558003	0.002054638	537349	530587
10	18562538	rs1277733	C	T	0.783	0.0215	0.883	-0.000340337	0.002321082	537349	533717
10	21821274	rs7084454	G	A	0.329	0.163	0.687	-0.000833504	0.002064496	537349	530832
10	33860515	rs4097319	T	G	0.432	0.987	0.321	0.001934104	0.0019468	537349	530961
10	34013507	rs12765914	C	T	0.0895	0.0116	0.914	0.000373332	0.0034663	537349	534008
10	53677313	rs10823893	G	A	0.397	0.863	0.353	-0.001818064	0.001957058	537349	534424
10	61842645	rs7070670	C	T	0.311	3.56	0.0591	-0.00387972	0.002056247	537349	523319
10	65318766	rs10761785	G	T	0.522	1.84	0.175	-0.002744187	0.002023041	489382	485696
10	76047464	rs12098284	C	T	0.128	9.16	0.00247	0.009049597	0.002990071	537349	534437
10	87410904	rs7899106	A	G	0.0513	0.00107	0.974	-0.000144368	0.004413464	537349	531528
10	88112323	rs10887584	G	A	0.441	0.625	0.429	-0.001530104	0.001935446	537349	528831
10	99778226	rs2439823	A	G	0.537	1.52	0.218	-0.002388222	0.001937104	537349	530277
10	102634853	rs34277166	G	A	0.446	24.1	9.37E-07	-0.00951311	0.001937823	537349	528546
10	104610926	rs4290163	G	T	0.399	2.02	0.155	0.002804505	0.001973243	537349	536383
10	114758349	rs7903146	C	T	0.294	0.387	0.534	-0.001327945	0.00213464	537349	535702
10	125220036	rs845084	G	A	0.267	0.385	0.535	-0.001361157	0.002193704	537349	529192
10	126594078	rs17636031	T	C	0.264	0.171	0.68	-0.000891345	0.002155499	537349	513718
10	133992689	rs4880341	C	T	0.566	0.961	0.327	0.001911733	0.001950139	537349	511723
11	8673939	rs4256980	C	G	0.621	18.5	1.71E-05	-0.008710222	0.002025085	537349	534355
11	13350131	rs1982350	A	G	0.62	0.684	0.408	0.001648777	0.001993581	537349	527544
11	17408630	rs5215	C	T	0.631	1.27	0.26	0.002251581	0.001997955	537349	534238
11	27679916	rs6265	C	T	0.203	28.4	1.01E-07	-0.013238881	0.002484232	537349	536456
11	30422068	rs2065418	T	G	0.349	0.188	0.664	-0.000874061	0.002015871	537349	534455
11	43653833	rs2862996	G	T	0.678	0.511	0.475	0.001496328	0.002093227	537349	535261
11	47529947	rs7124681	C	A	0.397	37.4	9.80E-10	-0.01204559	0.001969665	533585	526917
11	56914157	rs6591407	C	A	0.177	0.575	0.448	-0.001898369	0.002503494	533585	530246
11	69445173	rs592483	C	T	0.582	0.0193	0.889	-0.000270608	0.001947879	537349	516455
11	76476030	rs12282785	C	A	0.236	0.731	0.392	-0.001997486	0.002336281	537349	527046
11	84814393	rs349088	C	A	0.506	1.73	0.188	0.002537527	0.001929246	537349	531626
11	93221105	rs2605603	G	A	0.503	2.7	0.101	-0.003172868	0.001930946	537349	530979
11	115022404	rs12286929	A	G	0.514	5.17	0.023	0.004392134	0.001931658	537349	532742
11	116973247	rs76942203	G	A	0.0616	0.258	0.611	0.002109885	0.004153832	537349	534774
11	118944675	rs3825061	C	T	0.38	3.05	0.0806	-0.003455503	0.001978615	537349	536043
11	121922587	rs11218510	G	A	0.366	0.708	0.4	-0.001665643	0.001979544	537349	531494
11	130795698	rs7944782	T	G	0.511	0.822	0.365	0.001749724	0.001929895	537349	527911
11	134601012	rs12364470	T	G	0.15	0.00148	0.969	9.95E-05	0.002586283	537349	527855
12	939480	rs11611246	G	T	0.192	0.0886	0.766	0.000709953	0.002385135	537349	532892
12	14413931	rs12422552	G	C	0.271	3.54	0.0599	-0.004127429	0.002193704	537349	526979
12	17212881	rs10744146	G	A	0.505	0.196	0.658	0.000854401	0.001929895	537349	535559
12	24008435	rs11047132	T	G	0.0974	0.667	0.414	0.002823372	0.003457046	537349	527264
12	39430048	rs11170468	A	C	0.232	4.31	0.0379	-0.004732811	0.002279715	533585	526695
12	50247468	rs7138803	G	A	0.36	23.8	1.05E-06	-0.009720523	0.001992513	537349	536829
12	60964108	rs7975187	A	G	0.223	2.41	0.121	0.003683019	0.002372441	537349	531785
12	69674595	rs650198	C	T	0.697	2.3	0.129	-0.00326535	0.002153108	537349	533829
12	82465797	rs11115176	T	C	0.23	0.0512	0.821	-0.000512538	0.002265118	537349	534220
12	89771903	rs704061	T	C	0.461	1.25	0.264	0.002169179	0.001940173	537349	535452
12	91237920	rs11105839	T	A	0.376	0.244	0.621	0.000985826	0.001995747	537349	533133
12	103706754	rs6539064	C	G	0.275	0.245	0.621	0.001096866	0.002216004	537349	532883
12	109989228	rs12321904	G	T	0.515	0.0103	0.919	-0.000195897	0.001930231	537349	534340
12	122963550	rs12369179	C	T	0.0712	6.87	0.00878	-0.008938538	0.003410265	537349	528970
12	133391022	rs11836108	G	A	0.278	0.38	0.537	0.001280112	0.002076616	537349	533364
13	31033232	rs1045411	C	T	0.25	4.46	0.0348	-0.004557224	0.002157908	537349	527574
13	33184288	rs9595908	T	C	0.378	0.0595	0.807	-0.000486287	0.001993581	537349	534270
13	40783323	rs9603697	C	T	0.335	0.572	0.449	0.001556381	0.00205787	537349	534081
13	50963685	rs41284828	G	A	0.03	1.15	0.283	-0.00576551	0.005376366	537349	505376
13	54102206	rs12429545	G	A	0.131	0.365	0.546	-0.001801408	0.002981711	500531	488320
13	65477940	rs8181823	A	C	0.772	0.0109	0.917	0.000234811	0.002249084	537349	535344
13	66205704	rs9540493	A	G	0.544	0.618	0.432	0.001523672	0.001938194	537349	530938
13	79561962	rs4421883	T	C	0.506	0.028	0.867	0.000322902	0.001929709	537349	534520
13	86494817	rs77432547	A	G	0.269	0.00614	0.938	0.000168343	0.002148382	537349	533079
13	96922191	rs1927790	T	C	0.436	0.284	0.594	0.001045197	0.001961277	537349	534052
13	111982291	rs1536053	C	T	0.308	0.577	0.448	0.00158572	0.002087558	537349	523918
13	112218924	rs12868881	T	A	0.415	5.72	0.0168	-0.004662672	0.001949561	537349	532124
14	25928179	rs10132280	C	A	0.312	0.0277	0.868	-0.000349676	0.002100998	537349	527406
14	40834177	rs872281	C	T	0.167	0.0279	0.867	0.000422155	0.002527378	537349	526098
14	47296286	rs1491905	T	C	0.487	0.993	0.319	-0.001922944	0.001929709	537349	534121
14	62360075	rs217669	T	C	0.261	0.636	0.425	-0.001747325	0.002191014	537349	532673
14	62593297	rs1954494	T	C	0.47	4.32	0.0377	0.004024077	0.001936085	537349	528568
14	79940383	rs7144011	G	T	0.201	15	0.000108	-0.009078571	0.002344077	537349	535315
14	91512339	rs1951455	T	C	0.723	8.17	0.00426	-0.006095118	0.002132412	537349	531061
14	94031914	rs942066	A	G	0.623	0.317	0.574	-0.001128774	0.00200483	537349	529149
14	103249127	rs4906263	G	C	0.644	0.202	0.653	-0.000911393	0.002027822	537349	533554
14	104149475	rs709400	A	G	0.364	6.77	0.00929	-0.005195637	0.001996846	537349	533494
15	31857494	rs1471212	T	A	0.48	0.0032	0.955	-0.000109331	0.001932724	537349	534380
15	35826859	rs7181610	T	A	0.861	0.0767	0.782	-0.00075657	0.002731816	537349	531062
15	36391965	rs11636611	C	T	0.502	0.122	0.727	-0.000673861	0.001929258	537349	534861
15	51754451	rs6493498	T	C	0.539	0.138	0.71	0.000721057	0.001941021	537349	530774
15	53473990	rs8024806	T	C	0.06	5.92	0.015	0.009937216	0.00408417	537349	531148
15	62122539	rs12438629	C	G	0.0298	0.0121	0.912	0.00069471	0.006315543	537349	525636
15	68181534	rs1996120	G	A	0.39	0.352	0.553	0.001164494	0.001962754	537349	532605
15	78012688	rs11856579	G	A	0.248	0.706	0.401	0.001838731	0.002188346	537349	524993
15	95271378	rs11633626	C	A	0.635	7.24	0.00712	-0.005410655	0.002010854	537349	535182
15	99511873	rs2715423	G	A	0.257	1.53	0.216	-0.002645982	0.002139149	537349	528729
16	387867	rs11866815	C	T	0.248	4.13	0.0422	-0.004583554	0.00225542	537349	520158
16	4035068	rs2601777	A	G	0.615	0.0749	0.784	-0.000546287	0.00199609	535425	497857
16	23804956	rs194809	G	A	0.188	2.53	0.111	-0.003894758	0.002448614	535425	529618
16	24540806	rs2342892	T	G	0.515	0.249	0.618	0.000965191	0.001934253	535425	530220
16	28883241	rs7498665	A	G	0.381	44.6	2.40E-11	-0.013173388	0.001972559	535425	531414
16	29932064	rs4609871	C	T	0.509	13.5	0.000241	-0.0071264	0.00193956	535425	528279
16	53799507	rs9937053	G	A	0.428	24.1	9.19E-07	-0.009587918	0.001953061	535425	532272
16	62803841	rs11075489	C	T	0.472	0.261	0.61	0.000987623	0.001933173	535425	530214
16	69556715	rs889398	C	T	0.406	1.22	0.269	-0.002164043	0.001959233	535425	525796
16	77261943	rs12449219	C	G	0.131	0.962	0.327	0.002856158	0.002912022	535425	526782
16	82438337	rs12922346	G	C	0.247	0.186	0.667	0.000944334	0.002189622	535425	523388
16	82872628	rs7206608	C	G	0.303	1.6	0.206	0.002613967	0.002066522	535425	526827
17	1843189	rs3923783	C	A	0.177	3.69	0.0548	0.0047523	0.002473949	537349	519502
17	21264396	rs1320251	C	T	0.486	0.677	0.411	-0.001593563	0.001936756	537349	506934
17	31475545	rs3930349	C	A	0.231	0.157	0.692	0.000927248	0.002340163	537349	531897
17	34942595	rs1106908	G	A	0.441	0.756	0.385	-0.001685556	0.001938574	537349	534740
17	35057373	rs6607337	T	C	0.692	0.0538	0.816	0.000492085	0.002121528	537349	534040
17	47140794	rs11655587	C	T	0.343	6.7	0.00964	0.00522462	0.002018447	537349	532083
17	61728881	rs8075273	C	A	0.262	0.679	0.41	-0.001778148	0.002157908	537349	536606
17	71754545	rs2619976	C	T	0.399	0.892	0.345	0.00185663	0.001965816	537349	512030
17	73871467	rs3744017	G	A	0.186	1.27	0.259	0.002817386	0.002500025	537349	524718
17	78611724	rs12939549	A	G	0.429	7.25	0.00708	0.005236377	0.001944741	537349	536377
18	1840658	rs7238896	A	G	0.146	15.6	7.70E-05	0.010883301	0.002755487	537349	525517
18	21103909	rs891387	T	C	0.487	5.28	0.0216	0.00443307	0.001929246	537349	535520
18	40708038	rs1356506	T	C	0.362	23.7	1.15E-06	0.00970008	0.001992513	537349	530757
18	45921214	rs7239114	G	A	0.525	0.247	0.619	0.000963265	0.001938194	537349	521448
18	57829135	rs6567160	T	C	0.225	4.95	0.0261	-0.005069172	0.002278424	537349	535015
18	76745589	rs594821	C	T	0.085	0.423	0.516	-0.002229516	0.003427998	537349	524859
19	4064057	rs56356382	T	C	0.199	1.15	0.283	-0.002631569	0.002453951	537349	487895
19	18217147	rs273505	T	C	0.45	0.0434	0.835	0.000406512	0.00195132	537349	527737
19	30272202	rs12462975	G	A	0.321	0.00195	0.965	9.08E-05	0.002056247	537349	522308
19	31028666	rs10518269	C	T	0.154	6.17	0.013	-0.006503091	0.002618046	537349	535086
19	46180184	rs11672660	C	T	0.202	1.27	0.259	-0.002702598	0.002398168	537349	514943
19	47563532	rs12151152	A	G	0.581	0.134	0.714	0.000719322	0.001965037	537349	501682
20	1410582	rs1884389	C	T	0.43	0.288	0.591	-0.001043658	0.001944741	537349	527673
20	3008775	rs615568	G	T	0.518	0.0431	0.836	0.000400572	0.001929489	537349	531711
20	6612832	rs1884897	A	G	0.64	4.71	0.03	0.004345923	0.002002496	537349	533208
20	21381121	rs1409818	C	T	0.107	7.98	0.00472	-0.009091247	0.003218267	537349	530706
20	25192049	rs8122855	G	A	0.338	4.03	0.0447	0.004099733	0.002042223	537349	536164
20	39291784	rs16989232	G	A	0.393	0.00597	0.938	0.000152464	0.001973243	537349	526786
20	50402079	rs17201143	C	T	0.315	0.116	0.734	-0.000705472	0.002071338	537349	531690
20	51065854	rs17806224	G	A	0.177	0.00117	0.973	8.53E-05	0.002494711	537349	533800
20	62691550	rs6512302	G	C	0.753	0.0695	0.792	-0.000581216	0.002204677	537349	504742
21	30690558	rs2832283	G	A	0.215	0.0137	0.907	-0.000273909	0.002340163	537349	529898
21	40644170	rs8134638	T	C	0.392	2.05	0.152	-0.002843976	0.001986319	537349	529559
21	46570896	rs427943	A	C	0.561	0.188	0.664	-0.000842185	0.001942355	537349	528102
21	48048773	rs140733155	A	G	0.0112	0.0965	0.756	0.002707815	0.008716766	537349	474749
22	38317137	rs12628891	C	T	0.289	0.242	0.623	-0.001018964	0.002071338	537349	512153
22	40654276	rs12628051	T	C	0.343	1.98	0.159	-0.002843894	0.002021068	537349	536646