CHROM	POS	SNP	other_allele	effect_allele	AF	STAT	pval	beta	se	N	EFFECTIVE_N
1	1590521	rs79113395	G	A	0.268	2.44	0.119	-0.006354992	0.004068367	632802	523683
1	8708529	rs11121210	T	C	0.601	14.4	0.000149	0.014107317	0.003717605	632802	630406
1	11112836	rs1884429	T	C	0.777	2.42	0.12	-0.006503577	0.004180658	632802	624784
1	23345051	rs561136	C	T	0.853	0.000873	0.976	0.000152765	0.005170296	632802	626895
1	38026600	rs11577094	C	T	0.0676	1.76	0.185	-0.008394648	0.006327704	632802	628008
1	39562627	rs112566467	C	T	0.21	0.44	0.507	0.002885203	0.004349607	632802	615040
1	49710264	rs12121950	G	T	0.337	14.2	0.000168	0.014212133	0.003771509	628384	593071
1	62579891	rs12140153	G	T	0.0715	7.01	0.00811	-0.015774334	0.005957884	632802	595513
1	66447394	rs6690398	G	A	0.559	52.4	4.52E-13	0.0259383	0.00358324	632802	627154
1	72751185	rs3101336	T	C	0.628	2.21	0.137	0.005397014	0.003630424	632802	630966
1	77967523	rs12049202	C	T	0.197	4.89	0.027	0.009903289	0.004478422	632802	629879
1	96887370	rs2968487	C	T	0.279	23.1	1.51E-06	0.01905098	0.003963796	632802	628183
1	98315893	rs12072739	A	G	0.223	0.0104	0.919	0.00042951	0.004211691	632802	630430
1	107617707	rs1730859	G	A	0.689	5.54	0.0186	-0.008872083	0.003769387	632802	623875
1	110154688	rs17024393	T	C	0.0286	3.56	0.0592	0.019727285	0.01045544	632802	619244
1	118864616	rs7534091	A	G	0.259	0.233	0.63	0.001953964	0.004047982	632802	631163
1	156049877	rs61813324	C	T	0.122	0.353	0.552	0.003120481	0.005252115	632802	580228
1	174321997	rs61828641	G	A	0.115	0.00131	0.971	0.000209023	0.005775098	632802	628978
1	177889480	rs543874	A	G	0.179	7.69	0.00555	0.012234117	0.004411735	632802	629655
1	190239907	rs10920678	A	G	0.566	0.687	0.407	-0.002977232	0.003591984	632802	628281
1	194965200	rs2400414	C	T	0.357	1.27	0.261	-0.004151978	0.003684285	632802	627078
1	201800868	rs2820295	G	A	0.305	3.04	0.0812	0.006543445	0.003752923	632802	627732
1	210095527	rs6661316	C	T	0.567	3.1	0.0782	-0.006337847	0.003599655	632802	631939
1	243684019	rs946824	T	C	0.87	0.192	0.661	-0.002339498	0.00533915	632802	625575
2	632348	rs13021737	A	G	0.83	52.4	4.60E-13	0.034259673	0.004732794	632802	631200
2	6155557	rs10929925	C	A	0.45	1.49	0.222	-0.004385855	0.003593033	632802	630179
2	12851120	rs7607490	G	A	0.105	1.18	0.277	0.006273363	0.005775098	632802	625068
2	25136866	rs10203386	T	A	0.44	13.7	0.000212	0.013246828	0.003578917	632802	629341
2	35409697	rs1561554	G	C	0.628	0.000341	0.985	6.72E-05	0.003639908	632802	623714
2	36788616	rs3770799	A	G	0.368	1.69	0.194	-0.004809056	0.003699274	632802	627312
2	48954905	rs7561278	T	C	0.223	1.94	0.164	0.005997225	0.004305756	632802	611621
2	50233352	rs930295	A	C	0.846	1.94	0.163	-0.006687393	0.004801269	632802	631112
2	58935282	rs4671328	T	G	0.557	3.15	0.0757	0.006329822	0.003566451	632802	613820
2	59307725	rs6545714	G	A	0.607	16.9	3.97E-05	-0.014956845	0.003638284	632802	626512
2	67837553	rs2861685	T	C	0.415	0.686	0.407	-0.003000747	0.003622991	632802	630171
2	86812549	rs12714199	C	T	0.613	0.357	0.55	0.002187295	0.003660777	632802	626712
2	100801959	rs13002946	T	A	0.267	0.189	0.664	-0.001762014	0.004053018	632802	619776
2	104308545	rs264962	C	G	0.442	53.5	2.62E-13	-0.026086338	0.003566451	632802	631070
2	133523605	rs13033310	G	A	0.26	0.00554	0.941	0.000304379	0.004089409	632802	624382
2	147901207	rs1451077	G	A	0.581	0.0558	0.813	0.000852307	0.003608104	632802	628661
2	161265910	rs12692596	C	T	0.364	3.11	0.0776	0.006497307	0.003684285	632802	628226
2	181575281	rs7588437	G	A	0.341	0.189	0.664	0.001614151	0.003712899	632802	621138
2	182653725	rs7575118	T	C	0.866	4.68	0.0304	-0.011292311	0.005219873	575705	555010
2	193801010	rs7570446	C	A	0.531	0.718	0.397	-0.003024555	0.003569433	632802	628200
2	203970283	rs10497870	A	G	0.407	5.74	0.0166	0.008690633	0.0036274	632802	629072
2	205365851	rs1470545	T	C	0.954	1.34	0.248	-0.0105019	0.009072259	632802	623158
2	208263279	rs11692326	C	T	0.209	2.21	0.137	-0.00628012	0.004224466	632802	631847
2	213413231	rs7599312	G	A	0.262	1.69	0.193	0.005181802	0.003986002	632802	620817
2	229002620	rs4973618	A	G	0.355	9.14	0.0025	-0.011329955	0.003747616	632802	631018
2	230663576	rs6720868	C	T	0.335	0.288	0.592	0.002147858	0.004002296	575705	569434
2	236854450	rs9808302	G	A	0.529	2.25	0.133	-0.005337232	0.003558155	632802	625813
3	9507314	rs59302296	T	A	0.101	1.41	0.235	0.007005677	0.005899844	632802	630716
3	12426936	rs10510419	G	T	0.15	2.41	0.121	0.007793928	0.005020511	632802	629201
3	20714580	rs4857968	G	A	0.249	9.31	0.00228	-0.012094452	0.003963796	632802	624102
3	25106437	rs6804842	A	G	0.57	5.5	0.019	0.008439259	0.003598512	632802	628431
3	42418446	rs28350	A	G	0.818	0.0551	0.814	0.001079246	0.004597741	632802	622188
3	49915506	rs9862795	A	T	0.504	12.7	0.000356	0.012679278	0.003557891	632802	625437
3	61187046	rs1916801	A	T	0.406	2.7	0.1	-0.005935068	0.003611967	632802	631193
3	70539559	rs11915371	A	C	0.208	2.22	0.136	-0.006480769	0.004349607	632802	626333
3	85861064	rs9818122	T	C	0.211	36.9	1.26E-09	0.026606787	0.004380052	628384	624045
3	104606144	rs1436344	G	C	0.566	9.68	0.00186	0.011206761	0.003601989	632802	625851
3	114399296	rs17681451	G	A	0.0765	0.0773	0.781	-0.001807571	0.006501382	632802	626991
3	116937546	rs6804181	A	T	0.179	1.61	0.205	0.006122298	0.004825047	632802	622398
3	131751628	rs7631156	G	A	0.3	0.047	0.828	-0.00083043	0.003830489	632802	630700
3	141275436	rs16851483	G	T	0.0613	1.58	0.209	0.009143552	0.00727422	632802	628086
3	154034950	rs355777	G	C	0.418	7.64	0.00572	0.010014147	0.003622991	632802	627098
3	156295341	rs9826775	A	G	0.147	0.273	0.601	-0.002594299	0.004965223	632802	630436
3	171113714	rs12635553	A	T	0.474	0.0881	0.767	-0.00105539	0.003555699	632802	628368
3	173095123	rs39654	A	G	0.56	10.1	0.00152	0.011352258	0.003572083	632802	617978
3	181329682	rs6443750	T	C	0.822	10.2	0.00142	0.014275465	0.004469822	632802	595318
3	185834499	rs9816226	A	T	0.834	2.21	0.137	0.00682061	0.004588039	632802	625903
3	194881756	rs7616009	G	A	0.144	0.418	0.518	0.003245907	0.005020511	632802	617451
4	3298800	rs2051559	T	C	0.128	0.374	0.541	0.003201706	0.00523535	632802	625628
4	25408838	rs34811474	G	A	0.198	1.11	0.291	-0.004478348	0.00425066	632802	608484
4	45182527	rs10938397	A	G	0.425	0.787	0.375	-0.003188432	0.003594097	632802	629747
4	55505360	rs2192158	A	G	0.517	2.37	0.124	0.005505959	0.003576504	632802	630153
4	65651730	rs1346841	G	A	0.41	3.66	0.0559	0.006976317	0.003646579	632802	626772
4	77096118	rs17001561	G	A	0.156	2.71	0.1	0.00810812	0.004925332	632802	625604
4	80717182	rs35851183	A	G	0.363	0.0415	0.839	0.000757819	0.003719988	632802	624085
4	89039082	rs1481012	A	G	0.098	2.85	0.0914	0.009669615	0.005727786	632802	623594
4	95093855	rs7678054	G	A	0.457	3.55	0.0595	-0.006712149	0.003562439	632802	630883
4	103188709	rs13107325	C	T	0.0654	5.84	0.0156	-0.017540572	0.007258341	632802	624253
4	113313986	rs4834272	T	C	0.351	0.294	0.588	0.002043828	0.003769387	632802	627163
4	120319434	rs12509234	T	C	0.288	0.603	0.437	0.003045482	0.003921908	632802	629245
4	130726833	rs2391540	T	A	0.673	0.00178	0.966	-0.00015927	0.00377506	632802	628507
4	137071335	rs1451109	A	G	0.319	0.693	0.405	0.003208573	0.003854298	632802	627946
4	140863365	rs57800857	A	C	0.359	31.4	2.07E-08	-0.020668598	0.003688469	632802	617798
4	153028860	rs17276464	C	T	0.409	11.2	0.000838	0.012599472	0.003764812	575705	566321
4	162129844	rs13110266	G	A	0.397	0.3	0.584	-0.001978356	0.003611967	632802	622509
4	171632637	rs1522569	T	G	0.178	0.0338	0.854	0.000860188	0.004678806	632802	629264
4	173597016	rs1437842	G	A	0.482	3.4	0.0653	-0.006560914	0.003558155	632802	625276
4	180187034	rs6850421	A	G	0.525	1.36	0.244	0.0041605	0.0035676	632802	629971
5	3513485	rs698147	A	G	0.532	5.63	0.0177	-0.008477364	0.003572783	632802	628512
5	27193573	rs6890310	G	A	0.273	0.0119	0.913	-0.000430991	0.003950884	632802	628237
5	43110855	rs6451675	C	G	0.686	11.5	0.000695	0.012934841	0.003814277	632802	622213
5	63026280	rs4700608	T	C	0.507	7.34	0.00675	0.009636203	0.003556787	632802	629492
5	75015242	rs2112347	T	G	0.375	2.12	0.145	-0.005402682	0.003710577	632802	631763
5	80841914	rs10942267	A	G	0.305	0.226	0.634	0.001839067	0.003868507	632802	627495
5	87963600	rs1501673	G	A	0.145	0.389	0.533	0.003341296	0.005357227	632802	630456
5	95716722	rs7713317	A	G	0.284	8.83	0.00296	0.011678195	0.003930025	632802	628089
5	105876806	rs11739877	C	T	0.612	0.0625	0.803	-0.000915194	0.003660777	632802	628749
5	107422067	rs288230	T	C	0.169	7.68	0.00558	-0.013209335	0.004766508	632802	624530
5	112176756	rs459552	T	A	0.779	0.00184	0.966	0.000181487	0.004230933	632802	621670
5	124330522	rs6864049	A	G	0.558	3.85	0.0497	0.006996798	0.003565898	632802	622222
5	139080745	rs13174863	A	G	0.172	0.775	0.379	-0.004395153	0.004992558	632802	616299
5	153546808	rs10044136	G	C	0.559	7.49	0.00621	0.009851488	0.003599655	632802	629308
5	158460212	rs7734385	G	A	0.408	0.86	0.354	0.003328237	0.00358893	632802	628496
5	164557954	rs2861089	A	T	0.615	4.7	0.0301	0.007974046	0.003678153	632802	628466
5	170599327	rs2053682	C	A	0.681	16.2	5.68E-05	0.015326789	0.003807971	632802	625755
5	176527577	rs6556301	G	T	0.35	0.0147	0.903	-0.00044746	0.003690591	632802	617235
6	12124855	rs2228213	G	A	0.347	10.1	0.00145	-0.01191011	0.003747616	632802	629212
6	13180454	rs11757278	T	C	0.307	0.255	0.613	-0.001932638	0.003827194	632802	629328
6	20482335	rs3806114	G	A	0.703	4.14	0.0418	0.00770477	0.003786688	632802	612365
6	34677103	rs6932930	G	A	0.768	5.17	0.023	-0.009758155	0.004291632	632802	631650
6	50798526	rs2206277	C	T	0.178	0.0766	0.782	-0.001277951	0.004617425	632802	626159
6	53995542	rs816367	G	C	0.643	1.5	0.221	-0.004530666	0.003699274	632802	632020
6	64240516	rs2622274	G	T	0.429	0.177	0.674	-0.001505355	0.003578098	632802	630708
6	83447813	rs7769594	C	T	0.16	2.3	0.129	0.007335861	0.004837123	632802	615275
6	98429337	rs9320823	T	C	0.621	0.122	0.727	-0.001271365	0.003639908	632802	628644
6	108906200	rs12206094	C	T	0.29	20.9	4.74E-06	-0.018181529	0.003977015	632802	630431
6	120213880	rs2357760	G	A	0.67	12.7	0.000366	0.013473752	0.003780826	632802	627882
6	126040435	rs1269175	A	G	0.479	0.762	0.383	0.003108641	0.003561173	632802	621711
6	131898208	rs2246012	T	C	0.165	2.03	0.154	0.006711965	0.004710876	632802	629715
6	142703483	rs6922607	A	G	0.199	5.54	0.0186	0.010709742	0.004550133	632802	630933
6	143185683	rs765875	C	T	0.491	6.3	0.0121	-0.008926233	0.003556296	632802	627340
6	160774486	rs487152	C	A	0.484	0.863	0.353	0.003306262	0.003559032	632802	628411
6	163033350	rs13191362	A	G	0.117	0.376	0.54	-0.003307593	0.00539409	632802	627900
7	1872921	rs4721089	C	T	0.766	4.24	0.0395	0.008766412	0.004257346	632802	624371
7	5542513	rs6463489	T	C	0.91	3.09	0.0786	0.010027859	0.00570465	632802	629098
7	24354300	rs4307239	A	G	0.478	0.0713	0.789	-0.000953458	0.003570728	632802	626099
7	32347335	rs215614	G	A	0.633	10.4	0.00125	-0.011929799	0.003699274	632802	632555
7	44788657	rs6962280	A	G	0.555	0.0586	0.809	-0.000864879	0.003572783	632802	621318
7	50614173	rs10499694	A	G	0.501	0.687	0.407	0.002947777	0.003556446	632802	630117
7	75150312	rs1167821	A	T	0.432	1.98	0.159	0.005273987	0.003748059	575705	560946
7	77055885	rs740157	A	G	0.55	0.0449	0.832	0.000760272	0.003587944	632802	626608
7	77829768	rs1852006	G	A	0.364	6.25	0.0124	0.009282248	0.003712899	632802	630487
7	78139581	rs1030015	G	T	0.524	26.4	2.72E-07	0.018276092	0.00355698	632802	630338
7	93089243	rs7777084	G	A	0.464	0.711	0.399	0.003004257	0.003562889	632802	625454
7	100804140	rs1048303	C	T	0.582	11.4	0.00073	-0.012213568	0.003617347	632802	630489
7	113028634	rs2396625	T	A	0.416	0.197	0.657	-0.001601446	0.003608104	632802	619747
7	121964349	rs1899689	C	T	0.402	23	1.61E-06	0.017464259	0.00364155	632802	631105
7	137435925	rs7802342	T	G	0.276	0.856	0.355	-0.00363607	0.003930025	632802	624216
7	138817193	rs11525873	T	C	0.101	1.96	0.161	-0.008348566	0.005963261	632802	625273
7	150638484	rs2907948	G	A	0.241	5.7	0.0169	-0.009938162	0.004162638	632802	629234
8	11024663	rs4841504	C	A	0.482	9.02	0.00267	-0.010716074	0.003568062	628384	618518
8	14091025	rs4123853	C	T	0.363	1.15	0.283	-0.003946551	0.003680178	632802	629047
8	15535226	rs354508	T	C	0.835	0.351	0.553	0.002957854	0.004992558	632802	626278
8	28021769	rs1982441	G	T	0.128	1.95	0.162	0.007287642	0.005218789	632802	627523
8	30863938	rs10954772	T	C	0.694	4.91	0.0267	-0.008502572	0.003837157	632802	620336
8	32400115	rs7826312	T	C	0.579	0.734	0.392	-0.00309451	0.003611967	632802	624844
8	38329650	rs36061954	C	T	0.382	16.6	4.60E-05	0.014810477	0.003635089	632802	625467
8	62054463	rs12681792	C	A	0.2	0.0317	0.859	0.000831193	0.004668445	575705	566848
8	73439070	rs1431659	A	G	0.727	5.86	0.0155	0.009682366	0.003999748	632802	628458
8	76806584	rs17405819	T	C	0.291	1.18	0.277	0.004214174	0.003879461	632802	629647
8	85089437	rs2196618	A	G	0.724	0.211	0.646	-0.001839412	0.004004403	632802	623326
8	95582606	rs12680842	A	G	0.343	4.77	0.029	-0.008257449	0.003780826	632802	627698
8	106430676	rs1383592	G	A	0.227	14	0.000181	0.016447551	0.004395793	632802	630130
8	116670347	rs3808477	C	T	0.262	0.0027	0.959	0.000205074	0.003946647	632802	630759
8	118884379	rs72673947	A	G	0.12	0.0214	0.884	-0.000837903	0.005727786	632802	618163
8	142619234	rs1106761	G	A	0.365	4.39	0.0362	-0.007644019	0.003648291	632802	615672
8	143383694	rs10099330	A	G	0.455	1.4	0.237	0.004233662	0.003578098	632802	629034
9	6942940	rs7037266	C	A	0.37	0.779	0.378	-0.003266975	0.003701494	632802	627770
9	15634326	rs4740619	T	C	0.473	0.0024	0.961	0.000174962	0.003571399	632802	628878
9	28412078	rs2183824	C	T	0.297	0.056	0.813	0.00090113	0.003807971	632802	626734
9	37200103	rs6476617	G	A	0.376	4.31	0.0378	0.007636044	0.003678153	632802	627353
9	73837155	rs2134858	C	T	0.514	0.769	0.38	-0.003118292	0.003555934	632802	627592
9	80532374	rs10116186	A	G	0.536	0.0533	0.817	0.000824068	0.003569433	632802	620820
9	84186734	rs2777768	A	G	0.258	0.981	0.322	-0.004004394	0.004042986	632802	622989
9	92207308	rs7357754	A	G	0.487	0.466	0.495	-0.002427269	0.003555699	632802	621636
9	94187247	rs3811125	C	T	0.277	0.0615	0.804	0.000998969	0.004028232	632802	625506
9	96403367	rs10761247	G	A	0.564	0.0194	0.889	-0.000503647	0.003615977	632802	626013
9	109072075	rs7024334	T	G	0.762	4.15	0.0416	-0.008742718	0.004291632	632802	631260
9	111932342	rs6477694	C	T	0.646	2.36	0.125	-0.005682932	0.003699274	632802	627190
9	120378483	rs1928295	T	C	0.435	10	0.00153	-0.011339978	0.003586016	632802	632662
9	122651784	rs10984756	C	G	0.101	0.0353	0.851	-0.001094203	0.005823853	632802	622848
9	129465233	rs867560	C	G	0.451	2.06	0.152	0.005139129	0.003580601	632802	629425
9	133783025	rs3739514	G	A	0.336	0.759	0.384	0.003249367	0.003729734	632802	620344
9	137989785	rs10858334	C	G	0.129	20.5	5.84E-06	0.024177095	0.005339827	575705	550377
10	16750129	rs7893571	G	T	0.684	2.51	0.113	0.006003943	0.003789655	632802	625605
10	18562538	rs1277733	C	T	0.783	1.84	0.175	0.005793314	0.004270888	632802	629271
10	21821274	rs7084454	G	A	0.329	39.8	2.87E-10	0.024023441	0.003807971	632802	625690
10	33860515	rs4097319	T	G	0.432	1.11	0.293	-0.003783301	0.003590951	632802	625856
10	34013507	rs12765914	C	T	0.0895	0.701	0.402	0.005331596	0.006367929	632802	629309
10	53677313	rs10823893	G	A	0.397	0.4	0.527	0.002279615	0.003604387	632802	628396
10	61842645	rs7070670	C	T	0.311	6.81	0.00905	-0.009897281	0.003792646	632802	615874
10	65318766	rs10761785	G	T	0.522	1.27	0.261	-0.00401015	0.003558433	632802	628546
10	76047464	rs12098284	C	T	0.128	3.83	0.0502	0.010824483	0.005531053	632802	628913
10	87410904	rs7899106	A	G	0.0513	0.317	0.573	-0.004562522	0.008103551	632802	626556
10	88112323	rs10887584	G	A	0.441	0.186	0.666	-0.001613119	0.003740331	575705	568986
10	99778226	rs2439823	A	G	0.537	0.0857	0.77	0.001045712	0.003572083	632802	623440
10	102634853	rs34277166	G	A	0.446	1.38	0.239	0.004195443	0.003571399	632802	621064
10	104610926	rs4290163	G	T	0.399	48.8	2.80E-12	0.025415963	0.003638284	632802	631773
10	114758349	rs7903146	C	T	0.294	1.32	0.25	0.004524729	0.003938271	632802	631746
10	125220036	rs845084	G	A	0.267	3.38	0.0661	-0.007442125	0.004047982	632802	623484
10	126594078	rs17636031	T	C	0.264	0.525	0.469	-0.002884864	0.003981491	632802	605044
10	133992689	rs4880341	C	T	0.566	0.574	0.449	-0.002724637	0.003596273	632802	629669
11	8673939	rs4256980	C	G	0.621	0.361	0.548	-0.002243951	0.003734735	632802	629409
11	13350131	rs1982350	A	G	0.62	8.07	0.0045	-0.010431871	0.003672192	632802	622017
11	17408630	rs5215	C	T	0.631	6.39	0.0114	0.009308086	0.003682222	632802	631842
11	27679916	rs6265	C	T	0.203	48.2	3.77E-12	-0.031786296	0.004578428	632802	631595
11	30422068	rs2065418	T	G	0.349	4.86	0.0275	-0.008185237	0.003712899	632802	628070
11	43653833	rs2862996	G	T	0.678	1.74	0.187	0.005084168	0.003854298	632802	631027
11	47529947	rs7124681	C	A	0.397	5.01	0.0252	-0.008122055	0.003628666	628384	623703
11	56914157	rs6591407	C	A	0.177	1.35	0.245	-0.005360839	0.004613875	628384	624290
11	69445173	rs592483	C	T	0.582	0.319	0.572	-0.002027597	0.003589933	632802	620158
11	76476030	rs12282785	C	A	0.236	3.43	0.0641	-0.008000981	0.004320124	632802	620018
11	84814393	rs349088	C	A	0.506	0.541	0.462	-0.002615234	0.003555592	632802	624617
11	93221105	rs2605603	G	A	0.503	0.0255	0.873	-0.000568283	0.003558725	632802	626715
11	115022404	rs12286929	A	G	0.514	0.485	0.486	0.002479797	0.00356078	632802	628558
11	116973247	rs76942203	G	A	0.0616	2.25	0.134	0.011473826	0.007649218	632802	630333
11	118944675	rs3825061	C	T	0.38	0.397	0.528	-0.002297634	0.003646579	632802	630589
11	121922587	rs11218510	G	A	0.366	1.94	0.164	-0.005086325	0.003651769	632802	624754
11	130795698	rs7944782	T	G	0.511	3.62	0.0571	0.006768008	0.003557186	632802	620410
11	134601012	rs12364470	T	G	0.15	2.6	0.107	-0.007685763	0.004766508	632802	622356
12	939480	rs11611246	G	T	0.192	1.11	0.293	-0.004639616	0.004403729	632802	624167
12	14413931	rs12422552	G	C	0.271	3.27	0.0704	-0.007320024	0.004047982	632802	621388
12	17212881	rs10744146	G	A	0.505	0.035	0.852	-0.000665381	0.00355661	632802	631257
12	24008435	rs11047132	T	G	0.0974	2.19	0.139	0.009469188	0.006398684	632802	621185
12	39430048	rs11170468	A	C	0.232	5.67	0.0173	-0.009989817	0.004195329	628384	623450
12	50247468	rs7138803	G	A	0.36	1.07	0.301	-0.003798545	0.003672192	632802	632296
12	60964108	rs7975187	A	G	0.223	3.28	0.0701	0.008302149	0.004584095	575705	571290
12	69674595	rs650198	C	T	0.697	33.2	8.16E-09	-0.022889752	0.003972574	632802	628679
12	82465797	rs11115176	T	C	0.23	6.04	0.014	-0.010274557	0.004180658	632802	627566
12	89771903	rs704061	T	C	0.461	6.75	0.00935	0.00929002	0.00357573	632802	630605
12	91237920	rs11105839	T	A	0.376	0.839	0.36	-0.003367238	0.003676147	632802	627324
12	103706754	rs6539064	C	G	0.275	0.16	0.689	0.001635763	0.004089409	632802	628243
12	109989228	rs12321904	G	T	0.515	6.47	0.011	0.009049922	0.003557891	632802	627073
12	122963550	rs12369179	C	T	0.0712	0.117	0.733	-0.002156519	0.006304641	632802	621893
12	133391022	rs11836108	G	A	0.278	1.89	0.169	0.005261522	0.003827194	632802	628406
13	31033232	rs1045411	C	T	0.25	14.4	0.00015	-0.01504155	0.003963796	632802	624160
13	33184288	rs9595908	T	C	0.378	4.35	0.0369	-0.007667213	0.003676147	632802	630102
13	40783323	rs9603697	C	T	0.335	1.74	0.187	0.005002844	0.003792646	632802	628973
13	50963685	rs41284828	G	A	0.03	0.16	0.69	-0.003946326	0.009865815	632802	591784
13	54102206	rs12429545	G	A	0.131	1.66	0.197	-0.007164157	0.005560464	575705	560931
13	65477940	rs8181823	A	C	0.772	1.7	0.192	0.005404487	0.004145052	632802	630769
13	66205704	rs9540493	A	G	0.544	1.47	0.226	0.004330921	0.003572083	632802	623355
13	79561962	rs4421883	T	C	0.506	2.08	0.149	0.005129179	0.003556446	632802	629524
13	86494817	rs77432547	A	G	0.269	0.0139	0.906	0.000490491	0.004160294	575705	571414
13	96922191	rs1927790	T	C	0.436	0.463	0.496	-0.002461391	0.003617347	632802	629318
13	111982291	rs1536053	C	T	0.308	0.0579	0.81	-0.000927437	0.003854298	632802	617667
13	112218924	rs12868881	T	A	0.415	2.5	0.114	-0.005684475	0.003595177	632802	627590
14	25928179	rs10132280	C	A	0.312	0.0081	0.928	0.000348996	0.003877738	630973	621866
14	40834177	rs872281	C	T	0.167	0.157	0.692	-0.001844223	0.0046544	630973	618009
14	47296286	rs1491905	T	C	0.487	3.63	0.0568	-0.006786065	0.003561761	630973	627365
14	62360075	rs217669	T	C	0.261	1.01	0.314	0.004064047	0.004043878	630973	627471
14	62593297	rs1954494	T	C	0.47	0.748	0.387	-0.003091024	0.003573976	630973	621516
14	79940383	rs7144011	G	T	0.201	5.8	0.016	-0.010436853	0.004333667	630973	627222
14	91512339	rs1951455	T	C	0.723	3.62	0.0571	-0.007511873	0.003948153	630973	628481
14	94031914	rs942066	A	G	0.623	9.72	0.00182	0.011543027	0.003702428	630973	621066
14	103249127	rs4906263	G	C	0.644	5.94	0.0148	-0.009109392	0.003737629	630973	627759
14	104149475	rs709400	A	G	0.364	11.5	0.00071	-0.012512113	0.003689621	630973	626018
15	31857494	rs1471212	T	A	0.48	1.29E-06	0.999	-4.04E-06	0.003561173	632802	630033
15	35826859	rs7181610	T	A	0.861	5.46	0.0195	0.011731248	0.005020511	632802	626197
15	36391965	rs11636611	C	T	0.502	12.9	0.00032	0.012770467	0.003555592	632802	630826
15	51754451	rs6493498	T	C	0.539	0.975	0.323	0.003533897	0.003578917	632802	623496
15	53473990	rs8024806	T	C	0.06	0.272	0.602	-0.003928765	0.007533062	632802	626155
15	62122539	rs12438629	C	G	0.0298	1.05	0.306	0.011951374	0.011663347	632802	619675
15	68181534	rs1996120	G	A	0.39	3.06	0.0803	-0.006330197	0.003618733	632802	627157
15	78012688	rs11856579	G	A	0.248	11.2	0.000803	-0.013530419	0.004042986	632802	622017
15	95271378	rs11633626	C	A	0.635	19.5	1.02E-05	-0.016375303	0.003708276	632802	628293
15	99511873	rs2715423	G	A	0.257	1.15	0.284	-0.004223325	0.003938271	632802	627252
16	387867	rs11866815	C	T	0.248	6.75	0.00937	-0.010799498	0.004156729	632802	625195
16	4035068	rs2601777	A	G	0.615	0.988	0.32	0.003650093	0.003672192	632802	612343
16	23804956	rs194809	G	A	0.188	1.11	0.292	-0.004764876	0.00452262	632802	627584
16	24540806	rs2342892	T	G	0.515	0.332	0.564	-0.002050189	0.003558155	632802	627132
16	28883241	rs7498665	A	G	0.381	0.67	0.413	-0.002964371	0.003621555	632802	630844
16	29932064	rs4609871	C	T	0.509	7.6	0.00583	0.009836837	0.003568196	632802	631026
16	53799507	rs9937053	G	A	0.428	2.23	0.135	0.005365542	0.003593033	632802	628281
16	62803841	rs11075489	C	T	0.472	3.34	0.0677	-0.006499642	0.003556446	632802	627138
16	69556715	rs889398	C	T	0.406	14.6	0.000134	-0.013767733	0.00360318	632802	623529
16	77261943	rs12449219	C	G	0.131	0.653	0.419	-0.004343888	0.005375539	632802	624367
16	82438337	rs12922346	G	C	0.247	0.0465	0.829	-0.000869694	0.004033111	632802	618938
16	82872628	rs7206608	C	G	0.303	1.98	0.159	-0.00534097	0.003795662	632802	624398
17	1843189	rs3923783	C	A	0.177	4.17	0.0411	-0.009272733	0.004540877	632802	617947
17	21264396	rs1320251	C	T	0.486	0.0409	0.84	-0.000722409	0.003572083	632802	621613
17	31475545	rs3930349	C	A	0.231	0.0783	0.78	0.001210899	0.0043274	632802	626110
17	34942595	rs1106908	G	A	0.441	4.17	0.0411	-0.007294401	0.003572083	632802	631598
17	35057373	rs6607337	T	C	0.692	1.43	0.231	0.004680362	0.003913916	632802	630013
17	47140794	rs11655587	C	T	0.343	4.7	0.0301	-0.00808052	0.003727266	632802	625724
17	61728881	rs8075273	C	A	0.262	2.48	0.115	-0.006270058	0.003981491	632802	631720
17	71754545	rs2619976	C	T	0.399	0.701	0.403	0.003032174	0.003621555	632802	621546
17	73871467	rs3744017	G	A	0.186	3.67	0.0555	0.008845714	0.004617425	632802	628720
17	78611724	rs12939549	A	G	0.429	0.73	0.393	-0.003062299	0.00358415	632802	631382
18	1840658	rs7238896	A	G	0.146	5.22	0.0224	0.011602669	0.00507835	632802	619808
18	21103909	rs891387	T	C	0.487	2.35	0.125	0.00545062	0.003555592	632802	629378
18	40708038	rs1356506	T	C	0.362	0.2	0.655	0.001641383	0.003670243	632802	624138
18	45921214	rs7239114	G	A	0.525	0.668	0.414	0.002920081	0.003572783	632802	611518
18	57829135	rs6567160	T	C	0.225	0.323	0.57	0.002382965	0.004192919	632802	630772
18	76745589	rs594821	C	T	0.085	1.91	0.167	-0.008713188	0.006304641	632802	627819
19	4064057	rs56356382	T	C	0.199	0.189	0.664	-0.00196617	0.00452262	632802	611449
19	18217147	rs273505	T	C	0.45	4.84	0.0277	-0.007914247	0.003597385	632802	624989
19	30272202	rs12462975	G	A	0.321	4.46	0.0347	0.008015949	0.003795662	632802	619702
19	31028666	rs10518269	C	T	0.154	6.91	0.00859	-0.012683543	0.004825047	632802	629974
19	46180184	rs11672660	C	T	0.202	0.486	0.486	0.003081215	0.004419813	632802	620691
19	47563532	rs12151152	A	G	0.581	25.6	4.31E-07	0.018331046	0.003622991	632802	603126
20	1410582	rs1884389	C	T	0.43	2.98	0.0844	-0.006211529	0.003598242	628509	619408
20	3008775	rs615568	G	T	0.518	6.27	0.0123	-0.008935315	0.003568421	628509	622797
20	6612832	rs1884897	A	G	0.64	0.728	0.394	0.003161489	0.003705322	628509	622686
20	21381121	rs1409818	C	T	0.107	0.107	0.743	-0.001949617	0.005960152	626680	620326
20	25192049	rs8122855	G	A	0.338	1.02	0.312	0.003814212	0.003776633	626680	624584
20	39291784	rs16989232	G	A	0.393	0.0307	0.861	0.000640302	0.003654398	626680	612653
20	50402079	rs17201143	C	T	0.315	4.79	0.0286	-0.008383421	0.003830483	628509	622264
20	51065854	rs17806224	G	A	0.177	0.99	0.32	-0.004590292	0.004613417	628509	623545
20	62691550	rs6512302	G	C	0.753	0.179	0.672	-0.001804531	0.004265184	571412	556647
21	30690558	rs2832283	G	A	0.215	0.409	0.522	0.00275824	0.004312909	632802	623017
21	40644170	rs8134638	T	C	0.392	16.7	4.30E-05	-0.014975244	0.003664508	632802	623601
21	46570896	rs427943	A	C	0.561	10	0.00157	0.011320167	0.003579751	632802	623516
21	48048773	rs140733155	A	G	0.0112	1.38	0.239	-0.018872057	0.016064962	632802	555667
22	38317137	rs12628891	C	T	0.289	0.168	0.682	0.001562091	0.003811111	632802	617703
22	40654276	rs12628051	T	C	0.343	4.99	0.0256	0.008309825	0.003719988	632802	630172