CHROM	POS	SNP	other_allele	effect_allele	AF	STAT	pval	beta	se	N	EFFECTIVE_N
1	29549216	rs1565716	G	A	0.0693	0.0733	0.787	0.001935874	0.007150315	632802	624243
1	46541679	rs12142296	T	G	0.126	1.71	0.19	-0.006824452	0.005218789	632802	624374
1	51527684	rs6681713	T	G	0.0177	2.09	0.148	-0.018072083	0.012500721	628384	621631
1	78450517	rs34517439	C	A	0.1	18.4	1.81E-05	0.02330037	0.005431927	632802	599426
1	117015118	rs12078697	G	C	0.221	1.52	0.218	-0.005400185	0.004380128	632802	621350
1	119541452	rs1886914	C	G	0.589	2.68	0.101	0.005926417	0.003620136	632802	627251
1	145713305	rs72704264	G	C	0.194	0.471	0.493	0.002764553	0.004028232	632802	609883
1	218549354	rs35981664	A	T	0.308	0.234	0.628	0.001861104	0.00384736	632802	615832
2	3636478	rs56236159	T	G	0.165	2.06	0.151	0.007375742	0.005138923	632802	615230
2	34679626	rs1607644	G	A	0.359	0.2	0.654	-0.001652406	0.003694893	632802	626207
2	38094149	rs2707238	C	G	0.718	0.00636	0.936	-0.000315765	0.003959459	632802	623538
2	98357163	rs4851462	T	C	0.356	13.7	0.000218	0.013632531	0.003683123	628384	612249
2	127183454	rs13001283	G	A	0.154	0.225	0.636	0.002283052	0.004813096	632802	616456
2	144146311	rs7606205	A	C	0.301	1.61	0.205	0.004976343	0.003921908	632802	619617
2	146272860	rs34570306	C	T	0.529	84.1	4.70E-20	0.032682516	0.003563834	632802	622316
2	158499902	rs1220128	G	C	0.848	0.875	0.35	-0.004778361	0.005108283	632802	613104
2	166250129	rs2390258	G	A	0.304	15.4	8.93E-05	0.015313181	0.00390216	632802	628636
2	219651349	rs1996992	G	T	0.0573	0.171	0.679	0.003382755	0.008180362	632802	624309
3	7489993	rs9865843	A	G	0.456	1.32	0.25	-0.004085718	0.003556161	632802	627673
3	23163749	rs4634143	T	C	0.691	1.26	0.261	-0.004371537	0.003894475	632802	624014
3	46861939	rs113134141	A	G	0.115	0.518	0.472	0.004276483	0.005941853	632802	626148
3	101268080	rs11923667	T	A	0.41	0.58	0.446	-0.0027441	0.00360318	632802	624803
3	194299967	rs1706003	G	T	0.444	0.38	0.537	-0.002197513	0.003564837	632802	600527
3	197070959	rs6777317	G	A	0.323	1.54	0.214	0.004887266	0.003938271	632802	614269
4	2165493	rs55829085	A	C	0.0454	1.41	0.235	-0.0105121	0.008852786	632802	624341
4	26785356	rs28667801	A	T	0.405	0.0333	0.855	-0.000659854	0.003615977	632802	611993
4	57943153	rs1718845	A	G	0.709	0.946	0.331	-0.003766131	0.00387213	632802	629052
4	95324968	rs7694000	A	T	0.469	0.541	0.462	-0.002622034	0.003564837	632802	623481
4	102435265	rs17248480	G	A	0.0235	1.64	0.201	-0.014875531	0.011615838	632802	601786
4	103769304	rs223361	T	C	0.357	2.09	0.148	0.00545754	0.00377506	632802	630034
5	3706050	rs954767	A	C	0.258	0.177	0.674	0.001698854	0.004038029	632802	630440
5	57095011	rs12515541	G	T	0.61	1.21	0.27	0.004005705	0.00364155	632802	629571
5	61553881	rs10062049	C	T	0.135	0.114	0.735	0.001740365	0.005154516	632802	625204
5	66291370	rs4286632	A	G	0.255	10.7	0.0011	0.013068412	0.00399513	632802	622374
5	132397351	rs55747751	G	A	0.0678	0.683	0.409	-0.005175629	0.006262573	632802	608759
6	34244132	rs115245297	T	C	0.032	7.66	0.00564	0.024585511	0.008883106	632802	614768
6	43809802	rs9472135	T	C	0.286	0.483	0.487	-0.002686045	0.003864912	632802	625404
6	139835689	rs668459	C	T	0.578	1.65	0.199	0.004636327	0.003609376	632802	632474
6	154418759	rs598682	A	G	0.773	0.514	0.473	-0.002935699	0.004094775	632802	630755
7	1195692	rs73033340	A	G	0.034	1.45	0.229	-0.011415443	0.00948001	632802	575385
7	4669949	rs73049928	A	G	0.197	0.705	0.401	-0.003738805	0.004452852	632802	618142
7	69769369	rs2222544	T	C	0.274	35.5	2.57E-09	-0.024118638	0.004047982	632802	630610
7	74107374	rs34324971	G	A	0.179	0.00534	0.942	0.000336697	0.004607536	632802	612603
7	96461649	rs1947228	T	C	0.555	5.41	0.02	-0.008386435	0.00360561	632802	631620
7	134215259	rs1722886	A	T	0.434	0.384	0.536	0.002223979	0.00358893	632802	627987
7	156311745	rs9638084	A	G	0.599	1.81	0.179	0.004866642	0.003617347	632802	625586
8	22428708	rs1047030	A	G	0.185	0.171	0.68	0.001837888	0.004444481	632802	579638
8	141858620	rs10087782	T	C	0.548	9.83	0.00171	0.011206213	0.003574227	632802	631004
8	144981488	rs56233017	G	A	0.0433	1.45	0.229	-0.010494892	0.008715533	632802	589655
9	109670016	rs7020564	A	T	0.322	0.117	0.732	0.001328249	0.003883171	632802	619117
10	13523937	rs10906391	C	T	0.34	12.9	0.000326	0.013745969	0.003827194	632802	622292
10	102075479	rs603424	G	A	0.218	4.35	0.037	-0.010063434	0.004825047	632802	625355
10	126712781	rs4411245	G	A	0.288	0.0324	0.857	0.000701694	0.003898302	632802	626872
11	4673788	rs17224476	G	A	0.103	0.229	0.633	-0.002752208	0.005751266	632802	629448
11	6289118	rs2929184	A	G	0.226	0.788	0.375	0.003733091	0.004205382	632802	594039
11	9762274	rs360153	T	C	0.602	1.4	0.237	-0.004267682	0.003606849	632802	628264
11	22515533	rs11026586	G	A	0.0767	5.93	0.0148	0.017895828	0.007348936	575705	566943
11	70005641	rs875106	G	A	0.524	0.981	0.322	-0.003525059	0.003559032	632802	630670
11	74374950	rs4420291	G	A	0.504	6.71	0.00959	0.009211449	0.00355604	632802	627112
11	101100768	rs61892344	C	T	0.166	0.676	0.411	-0.003937941	0.004789563	632802	625386
12	5417856	rs75507123	G	T	0.124	0.00132	0.971	0.000197352	0.005431927	632802	622721
12	8832203	rs7132012	A	G	0.322	1.52	0.218	0.004668542	0.003786688	632802	627784
12	15297359	rs7313556	A	G	0.643	0.101	0.751	0.001185328	0.003729734	632802	628820
12	27321112	rs1098708	A	G	0.419	0.0912	0.763	0.001077391	0.0035676	632802	629601
12	57098040	rs7137749	T	C	0.629	0.679	0.41	-0.003044645	0.003694893	632802	629292
12	96717095	rs7134060	G	A	0.422	3.15	0.0759	-0.006350493	0.003578098	632802	625967
12	120813921	rs3898618	T	C	0.0507	3.6	0.0579	-0.014989775	0.007900305	632802	623406
12	124820705	rs1271309	A	G	0.849	10.8	0.00103	-0.015740109	0.004789563	632802	622090
13	58316637	rs9563529	G	T	0.201	1.53	0.217	-0.005447112	0.004403729	632802	625529
13	97988689	rs55684003	A	G	0.292	0.116	0.733	0.001315127	0.003861346	632802	627519
14	23313633	rs17880989	G	A	0.018	2.8	0.0945	0.017995985	0.010754658	630973	602249
14	35110857	rs4424827	C	T	0.592	0.681	0.409	0.002968496	0.003597186	630973	626743
14	60700903	rs11628933	G	C	0.233	0.154	0.695	0.001660201	0.004230584	630973	627756
15	68454523	rs62004794	A	G	0.545	1.22	0.269	0.003948685	0.003574971	632802	626661
15	85162551	rs7180952	C	T	0.538	0.00281	0.958	-0.000189116	0.0035676	632802	625482
15	92702020	rs873122	G	C	0.73	0.000352	0.985	-7.39E-05	0.003938271	632802	622663
16	706067	rs9932866	G	A	0.381	18.3	1.93E-05	-0.015743248	0.003680178	632802	624551
16	19149996	rs59333122	C	A	0.29	2.53	0.111	0.006332949	0.003981491	632802	600289
16	30111904	rs6565174	A	C	0.901	0.000341	0.985	-0.000102905	0.005572634	632802	615184
16	66914492	rs45474499	C	T	0.0525	0.0356	0.85	-0.001536166	0.008141663	632802	628168
16	69131281	rs7185555	G	C	0.141	8.81	0.00299	-0.014619196	0.004925332	632802	622054
17	8078765	rs8069739	T	C	0.668	3.28	0.0699	0.006931344	0.003827194	632802	629902
17	29161503	rs11080134	A	G	0.326	1.94	0.164	-0.005161854	0.003705995	632802	623510
18	10879503	rs11665020	G	C	0.305	0.0122	0.912	0.000418911	0.003792646	632802	624138
18	20158965	rs4800420	G	A	0.301	6.12	0.0134	0.009732506	0.003934132	632802	620233
18	51851616	rs34163044	C	A	0.44	0.0615	0.804	-0.000894781	0.003608104	632802	616002
19	32590773	rs1821295	C	T	0.716	0.0356	0.85	-0.00072657	0.003850815	632802	627455
20	11886643	rs1232482	C	T	0.385	1.71	0.19	-0.004769702	0.003647482	628509	623308
21	37692507	rs62229372	C	T	0.123	0.575	0.448	0.004048611	0.00533915	632802	601234