CHROM	POS	SNP	other_allele	effect_allele	AF	STAT	pval	beta	se	N	EFFECTIVE_N
1	29549216	rs1565716	G	A	0.0693	0.846	0.358	0.003559961	0.003870438	535425	529012
1	46541679	rs12142296	T	G	0.126	11.6	0.000659	-0.009661695	0.002836771	535425	527499
1	51527684	rs6681713	T	G	0.0177	0.92	0.337	-0.006627849	0.00691001	531661	522882
1	78450517	rs34517439	C	A	0.1	0.945	0.331	-0.002901283	0.002984518	535425	502597
1	117015118	rs12078697	G	C	0.221	0.309	0.578	0.001316543	0.002368405	535425	520873
1	119541452	rs1886914	C	G	0.589	0.00154	0.969	-7.71E-05	0.001965533	535425	530042
1	145713305	rs72704264	G	C	0.194	2.35	0.125	-0.003412075	0.002225792	535425	514798
1	218549354	rs35981664	A	T	0.308	0.0388	0.844	0.000411939	0.002091305	535425	518393
2	3636478	rs56236159	T	G	0.165	4.65	0.0311	0.005994735	0.002779992	537349	508530
2	34679626	rs1607644	G	A	0.359	0.345	0.557	-0.001177571	0.00200483	537349	531496
2	38094149	rs2707238	C	G	0.718	1.11	0.292	0.002261001	0.002146047	537349	529913
2	98357163	rs4851462	T	C	0.356	16.5	4.98E-05	0.008122122	0.001999528	533585	514593
2	127183454	rs13001283	G	A	0.154	0.0221	0.882	0.000389201	0.002618046	537349	523658
2	144146311	rs7606205	A	C	0.301	7.65	0.00566	0.005867856	0.002121528	537349	526284
2	146272860	rs34570306	C	T	0.529	1.01	0.314	0.001943101	0.001933458	537349	525464
2	158499902	rs1220128	G	C	0.848	0.0878	0.767	-0.000818872	0.00276356	537349	521829
2	166250129	rs2390258	G	A	0.304	0.685	0.408	0.001747214	0.002111062	537349	532564
2	219651349	rs1996992	G	T	0.0573	0.338	0.561	0.002563477	0.004409315	537349	529687
3	7489993	rs9865843	A	G	0.456	0.314	0.575	0.001081326	0.001929709	537349	528708
3	23163749	rs4634143	T	C	0.691	1.23	0.267	-0.002341281	0.002111062	537349	530668
3	46861939	rs113134141	A	G	0.115	1.08	0.299	0.003347505	0.003221138	537349	528728
3	101268080	rs11923667	T	A	0.41	5.71	0.0168	-0.004676509	0.001957058	537349	530829
3	194299967	rs1706003	G	T	0.444	0.2	0.655	-0.000864905	0.001933986	537349	506330
3	197070959	rs6777317	G	A	0.323	1.48	0.224	0.002594191	0.002132412	537349	519145
4	2165493	rs55829085	A	C	0.0454	3.21	0.0731	0.008557714	0.00477645	537349	527486
4	26785356	rs28667801	A	T	0.405	0.0689	0.793	-0.000514812	0.001961277	537349	519052
4	57943153	rs1718845	A	G	0.709	1.72	0.19	0.002758031	0.002102979	537349	533310
4	95324968	rs7694000	A	T	0.469	0.307	0.58	-0.001072047	0.001934838	537349	529344
4	102435265	rs17248480	G	A	0.0235	25.6	4.30E-07	-0.031445548	0.006214972	537349	509751
4	103769304	rs223361	T	C	0.357	7.95	0.0048	0.005775413	0.002048328	537349	535087
5	3706050	rs954767	A	C	0.258	0.676	0.411	0.001803646	0.002193704	537349	535501
5	57095011	rs12515541	G	T	0.61	1.38	0.24	-0.002321141	0.001975886	537349	535093
5	61553881	rs10062049	C	T	0.135	0.181	0.67	0.001193522	0.002805376	537349	530995
5	66291370	rs4286632	A	G	0.255	7.3	0.00689	0.005856903	0.002167737	537349	525591
5	132397351	rs55747751	G	A	0.0678	0.193	0.66	-0.00150598	0.003427998	537349	516772
6	34244132	rs115245297	T	C	0.032	0.0539	0.816	-0.001113929	0.004798032	537349	518040
6	43809802	rs9472135	T	C	0.286	0.939	0.332	-0.002032114	0.002097082	537349	531560
6	139835689	rs668459	C	T	0.578	0.333	0.564	0.001130537	0.001959128	537349	536626
6	154418759	rs598682	A	G	0.773	0.325	0.569	0.001266623	0.002221804	537349	535692
7	1195692	rs73033340	A	G	0.034	1.39	0.238	0.006205345	0.005263305	537349	474601
7	4669949	rs73049928	A	G	0.197	0.377	0.539	-0.001486304	0.002420678	537349	522254
7	69769369	rs2222544	T	C	0.274	24.3	8.45E-07	-0.010827232	0.002196415	537349	535221
7	74107374	rs34324971	G	A	0.179	3.7	0.0545	-0.004798672	0.002494711	537349	519071
7	96461649	rs1947228	T	C	0.555	0.241	0.624	-0.000960098	0.001955722	537349	535983
7	134215259	rs1722886	A	T	0.434	1.5	0.221	0.002384989	0.001947335	537349	531756
7	156311745	rs9638084	A	G	0.599	2.96	0.0855	-0.003379453	0.001964267	537349	530204
8	22428708	rs1047030	A	G	0.185	6.76	0.00933	0.006293762	0.002420678	537349	476002
8	141858620	rs10087782	T	C	0.548	0.042	0.838	0.00039745	0.001939357	537349	534985
8	144981488	rs56233017	G	A	0.0433	0.0899	0.764	0.001411733	0.004708395	537349	480203
9	109670016	rs7020564	A	T	0.322	0.803	0.37	-0.001888078	0.002106989	537349	524846
10	13523937	rs10906391	C	T	0.34	0.679	0.41	0.00171412	0.002080206	537349	525977
10	102075479	rs603424	G	A	0.218	0.00789	0.929	-0.000229728	0.002586283	537349	529860
10	126712781	rs4411245	G	A	0.288	0.0336	0.855	-0.000387342	0.002113122	537349	529035
11	4673788	rs17224476	G	A	0.103	1.42	0.234	-0.003703451	0.003107867	537349	531730
11	6289118	rs2929184	A	G	0.226	0.375	0.541	0.001397323	0.002281819	537349	503043
11	9762274	rs360153	T	C	0.602	1.14	0.285	0.002088848	0.001956386	537349	533825
11	22515533	rs11026586	G	A	0.0767	0.199	0.655	-0.001753257	0.003930239	500531	492833
11	70005641	rs875106	G	A	0.524	0.00785	0.929	0.000171129	0.001931469	537349	526381
11	74374950	rs4420291	G	A	0.504	2.48	0.115	0.003038472	0.001929431	537349	530833
11	101100768	rs61892344	C	T	0.166	5.18	0.0228	-0.005900443	0.002592506	537349	528281
12	5417856	rs75507123	G	T	0.124	3.94	0.047	0.005850294	0.002947336	537349	527992
12	8832203	rs7132012	A	G	0.322	0.007	0.933	-0.000171903	0.002054638	537349	531591
12	15297359	rs7313556	A	G	0.643	1.44	0.229	0.002428482	0.002023735	537349	535397
12	27321112	rs1098708	A	G	0.419	0.000623	0.98	-4.83E-05	0.001935761	537349	534730
12	57098040	rs7137749	T	C	0.629	6.12	0.0134	0.004956775	0.002003657	537349	532110
12	96717095	rs7134060	G	A	0.422	1.07	0.302	0.002007808	0.001941021	537349	531322
12	120813921	rs3898618	T	C	0.0507	8.08	0.00447	-0.012195752	0.004290451	537349	528876
12	124820705	rs1271309	A	G	0.849	9.5	0.00205	-0.00806936	0.002618046	537349	508176
13	58316637	rs9563529	G	T	0.201	2.52	0.112	-0.00379312	0.002389441	537349	530629
13	97988689	rs55684003	A	G	0.292	8.48	0.00359	0.006106794	0.002097082	537349	533265
14	23313633	rs17880989	G	A	0.018	2.51	0.113	-0.009231678	0.005826983	537349	501023
14	35110857	rs4424827	C	T	0.592	0.154	0.695	-0.000764403	0.001947879	537349	527762
14	60700903	rs11628933	G	C	0.233	0.0493	0.824	0.000508172	0.002288693	537349	533867
15	68454523	rs62004794	A	G	0.545	1.4	0.237	0.002296141	0.001940593	537349	532836
15	85162551	rs7180952	C	T	0.538	1.31	0.252	-0.002215219	0.001935446	537349	528734
15	92702020	rs873122	G	C	0.73	3.78	0.052	0.004158982	0.002139149	537349	529144
16	706067	rs9932866	G	A	0.381	5.83	0.0158	0.004793637	0.001985322	537349	499547
16	19149996	rs59333122	C	A	0.29	1.21	0.272	0.00237796	0.002161782	535425	510234
16	30111904	rs6565174	A	C	0.901	1.07	0.3	-0.003145273	0.00304065	535425	508487
16	66914492	rs45474499	C	T	0.0525	0.656	0.418	-0.003594617	0.004438137	535425	527722
16	69131281	rs7185555	G	C	0.141	24.8	6.33E-07	-0.013332635	0.002677257	535425	525902
17	8078765	rs8069739	T	C	0.668	0.584	0.445	-0.001582914	0.002071338	537349	535369
17	29161503	rs11080134	A	G	0.326	3.59	0.0581	0.003810024	0.002010854	537349	527177
18	10879503	rs11665020	G	C	0.305	0.651	0.42	-0.001663035	0.002061156	537349	528635
18	20158965	rs4800420	G	A	0.301	1.36	0.243	-0.00248422	0.002130201	537349	526150
18	51851616	rs34163044	C	A	0.44	0.785	0.375	0.001733958	0.001957058	537349	520507
19	32590773	rs1821295	C	T	0.716	0.777	0.378	-0.001843451	0.002091322	537349	533655
20	11886643	rs1232482	C	T	0.385	9.78	0.00176	-0.006168224	0.001972381	537349	532968
21	37692507	rs62229372	C	T	0.123	6.53	0.0106	-0.007428008	0.002906804	537349	508102