CHROM	POS	SNP	other_allele	effect_allele	AF	STAT	pval	beta	se	N	EFFECTIVE_N
1	25529038	rs2375278	A	G	0.837	0.000716	0.979	-0.00012548	0.004689391	632802	607055
1	150940625	rs267738	T	G	0.189	3.3	0.0693	-0.007861112	0.0043274	632802	631793
1	156318141	rs12132919	C	A	0.279	0.916	0.339	0.003730983	0.003898302	632802	627744
1	158626378	rs857691	C	T	0.282	0.042	0.838	0.000834832	0.004073565	632802	619177
2	24021231	rs17509001	T	C	0.135	0.546	0.46	0.003785857	0.005123513	632802	629446
2	48414735	rs12621844	C	T	0.613	3.88	0.0488	-0.007210894	0.003660777	632802	628029
2	169754846	rs13387347	T	C	0.535	4.21	0.0401	-0.007323864	0.003569433	632802	620189
2	169763148	rs560887	T	C	0.714	11.5	0.000687	0.013219786	0.003898302	632802	629528
2	175292364	rs17256082	T	C	0.346	0.00573	0.94	0.00030123	0.003979435	575705	574568
3	12267648	rs7616006	A	G	0.443	0.0278	0.868	0.000602678	0.003614624	632802	628396
3	49382925	rs9818758	G	A	0.178	1.31	0.252	0.005343143	0.004668326	632802	626184
3	123065778	rs11708067	A	G	0.202	0.582	0.446	0.003208241	0.004205382	632802	631046
3	170724883	rs8192675	T	C	0.307	3.62	0.057	0.007469631	0.003925951	632802	632274
3	171795540	rs4894799	G	A	0.627	0.307	0.58	-0.002034673	0.003672192	632802	631998
4	144659795	rs13134327	G	A	0.338	1.24	0.266	-0.004258144	0.003823926	632802	631123
6	20679709	rs7756992	A	G	0.298	0.0556	0.814	-0.000948702	0.004023391	632802	631613
6	26093141	rs1800562	G	A	0.0515	0.00752	0.931	-0.000583806	0.006732241	628384	626321
6	26107463	rs198846	A	G	0.853	0.0108	0.917	-0.000522112	0.005024025	628384	622777
6	109562035	rs11964178	A	G	0.425	0.294	0.588	0.001941465	0.003580601	632802	624975
6	139840693	rs592423	A	C	0.545	2.71	0.0998	0.005882719	0.003573497	632802	630982
7	15064309	rs2191349	G	T	0.54	0.102	0.75	0.001139033	0.003566451	632802	632281
7	44235668	rs4607517	G	A	0.169	1.38	0.241	0.005586044	0.004755156	632802	632066
7	44247258	rs3824065	C	T	0.422	2.2	0.138	0.005320339	0.003586972	632802	625035
8	41549194	rs6474359	T	C	0.0362	0.585	0.444	0.007398801	0.009673495	632802	628626
8	41630405	rs4737009	G	A	0.249	0.0171	0.896	0.000549107	0.004199125	632802	626907
8	42383084	rs6980507	G	A	0.395	9.96	0.0016	0.011503064	0.003644885	632802	626961
8	118185733	rs11558471	A	G	0.313	1.53	0.217	-0.004706348	0.003804857	632802	628881
9	22132076	rs2383208	A	G	0.183	0.00163	0.968	0.000197162	0.004883469	575705	573922
9	91503236	rs7040409	C	G	0.0669	2.55	0.11	0.012038869	0.007539032	632802	612906
9	110536932	rs1467311	G	A	0.67	1.7	0.192	-0.004882877	0.003744996	632802	632423
9	136154168	rs579459	T	C	0.209	0.0584	0.809	0.00106039	0.004387926	632802	629583
10	71089843	rs4745982	T	G	0.0703	0.0067	0.935	0.000538236	0.006575599	632802	583990
10	71091013	rs10823343	A	G	0.275	3.21	0.073	0.007298391	0.004073565	632802	620032
10	114752503	rs17747324	T	C	0.235	3.7	0.0543	0.008202138	0.004264088	632802	621091
11	205198	rs3782123	C	A	0.715	0.155	0.694	-0.001574702	0.003999748	632802	625200
11	2858440	rs2237896	G	A	0.0514	8.85	0.00293	0.025842902	0.008686997	632802	617604
11	61604814	rs174577	C	A	0.35	0.0496	0.824	-0.000826385	0.003710577	632802	629948
11	72432985	rs11603334	G	A	0.147	2.2	0.138	0.007174613	0.004837123	632802	630296
11	92708710	rs10830963	C	G	0.271	0.0031	0.956	-0.000222184	0.003990548	632802	623895
11	100456604	rs11224302	C	T	0.108	0.691	0.406	-0.004904329	0.005899844	632802	629055
12	7075882	rs2110073	C	T	0.106	0.00223	0.962	-0.000290467	0.006150979	632802	624286
12	48499131	rs2408955	G	T	0.543	2.18	0.14	0.005291732	0.003584013	622813	619099
12	111910219	rs10774625	A	G	0.538	23.5	1.24E-06	-0.017247518	0.003557891	632802	623142
13	28487599	rs11619319	A	G	0.232	0.0664	0.797	-0.001111359	0.004312909	632802	626398
13	33554302	rs576674	G	A	0.82	5.30E-05	0.994	-3.50E-05	0.004801269	632802	629049
13	113351662	rs282587	G	A	0.868	0.909	0.34	0.005125119	0.005375539	632802	626937
13	114542858	rs9604573	G	A	0.278	0.229	0.633	-0.001944406	0.00406321	632802	618055
16	293562	rs11248914	T	C	0.349	0.545	0.46	-0.002786904	0.00377506	632802	627108
16	53803574	rs1558902	T	A	0.4	3.77	0.052	0.007029032	0.003620136	632802	628463
16	68750190	rs4783565	G	A	0.283	7.51	0.00614	-0.010935849	0.003990548	632802	631361
16	88853729	rs837763	C	T	0.572	0.318	0.573	-0.002018675	0.003579751	632802	620520
17	27183104	rs9914988	G	A	0.798	20.8	5.10E-06	0.020346652	0.004461299	632802	632685
17	76117361	rs2073285	T	C	0.802	2.78	0.0957	-0.007290244	0.004372398	632802	582438
17	80685533	rs1046896	C	T	0.328	0.0132	0.909	-0.000442825	0.003854298	632802	631385
19	17246737	rs11086054	A	T	0.304	0.23	0.631	-0.001855271	0.003868507	632802	620256
19	17256523	rs17533903	G	A	0.198	0.0765	0.782	0.001205125	0.004357138	632802	620530
22	37469591	rs4820268	G	A	0.533	0.144	0.704	0.001353588	0.003567018	632802	627636