CHROM	POS	SNP	other_allele	effect_allele	AF	STAT	pval	beta	se	N	EFFECTIVE_N
1	25529038	rs2375278	A	G	0.837	0.529	0.467	0.001853954	0.002549007	535425	515156
1	150940625	rs267738	T	G	0.189	7.65	0.00568	-0.006505974	0.00235224	535425	534993
1	156318141	rs12132919	C	A	0.279	0.469	0.494	-0.001451164	0.002118996	535425	529323
1	158626378	rs857691	C	T	0.282	0.0184	0.892	-0.000299974	0.002211438	535425	523113
2	24021231	rs17509001	T	C	0.135	4.76	0.0292	-0.006047197	0.002771728	537349	535419
2	48414735	rs12621844	C	T	0.613	4.86	0.0276	-0.004376722	0.001985322	537349	532527
2	169754846	rs13387347	T	C	0.535	0.0116	0.914	-0.000208632	0.001937104	537349	527970
2	169763148	rs560887	T	C	0.714	2.23	0.135	0.003158666	0.002115199	537349	533170
2	175292364	rs17256082	T	C	0.346	1.76	0.184	-0.002734433	0.002061156	537349	536073
3	12267648	rs7616006	A	G	0.443	0.64	0.424	0.001567868	0.001959835	537349	531804
3	49382925	rs9818758	G	A	0.178	0.00226	0.962	0.000120688	0.002538696	537349	530689
3	123065778	rs11708067	A	G	0.202	0.457	0.499	-0.001544864	0.002285242	537349	535384
3	170724883	rs8192675	T	C	0.307	0.089	0.765	-0.000634846	0.002128007	537349	535021
3	171795540	rs4894799	G	A	0.627	0.204	0.652	0.000900428	0.001993581	537349	536330
4	144659795	rs13134327	G	A	0.338	0.392	0.531	-0.001297956	0.002073084	537349	535505
6	20679709	rs7756992	A	G	0.298	0.0152	0.902	0.000268507	0.002177879	537349	535253
6	26093141	rs1800562	G	A	0.0515	0.173	0.678	-0.001527703	0.003672957	533585	532107
6	26107463	rs198846	A	G	0.853	4.48	0.0342	0.005738087	0.002710991	533585	529068
6	109562035	rs11964178	A	G	0.425	14.3	0.000152	0.007345081	0.001942355	537349	528872
6	139840693	rs592423	A	C	0.545	0.994	0.319	0.00193353	0.001939357	537349	536238
7	15064309	rs2191349	G	T	0.54	0.262	0.608	0.000990676	0.001935446	537349	536720
7	44235668	rs4607517	G	A	0.169	1.96	0.162	-0.003603636	0.002574026	537349	537006
7	44247258	rs3824065	C	T	0.422	0.476	0.49	0.001342787	0.001946273	537349	529354
8	41549194	rs6474359	T	C	0.0362	0.0279	0.867	0.000874317	0.005234399	537349	526439
8	41630405	rs4737009	G	A	0.249	0.156	0.693	0.000898575	0.002275056	537349	528998
8	42383084	rs6980507	G	A	0.395	8.27	0.00404	0.005682176	0.001975886	537349	533152
8	118185733	rs11558471	A	G	0.313	4.37	0.0366	0.004308753	0.002061156	537349	534577
9	22132076	rs2383208	A	G	0.183	2.37	0.123	0.003882264	0.002521801	537349	535461
9	91503236	rs7040409	C	G	0.0669	7.64	0.00572	0.011279965	0.004080948	537349	521887
9	110536932	rs1467311	G	A	0.67	3.72	0.0537	-0.003924717	0.002034871	537349	537037
9	136154168	rs579459	T	C	0.209	0.00258	0.959	0.000120505	0.002372441	537349	534462
10	71089843	rs4745982	T	G	0.0703	8.55	0.00345	-0.010511687	0.003594921	537349	488047
10	71091013	rs10823343	A	G	0.275	0.000286	0.987	-3.74E-05	0.002210295	537349	521691
10	114752503	rs17747324	T	C	0.235	2.31	0.128	-0.003510918	0.002310014	537349	526429
11	205198	rs3782123	C	A	0.715	1.23	0.268	-0.002406916	0.002170243	537349	524968
11	2858440	rs2237896	G	A	0.0514	0.341	0.559	0.002675144	0.004581102	537349	491288
11	61604814	rs174577	C	A	0.35	8.12	0.00438	0.005740727	0.0020146	537349	534245
11	72432985	rs11603334	G	A	0.147	1.15	0.284	-0.002828845	0.002637911	537349	533187
11	92708710	rs10830963	C	G	0.271	0.193	0.66	-0.000951233	0.002165251	537349	528444
11	100456604	rs11224302	C	T	0.108	2.7	0.1	-0.00526015	0.003201225	537349	533426
12	7075882	rs2110073	C	T	0.106	0.716	0.398	-0.002813117	0.003324538	537349	526234
12	48499131	rs2408955	G	T	0.543	1.67	0.197	0.002506432	0.001939535	531714	528857
12	111910219	rs10774625	A	G	0.538	0.189	0.664	-0.000839005	0.001929895	537349	527470
13	28487599	rs11619319	A	G	0.232	0.176	0.675	0.000980125	0.002336281	537349	533351
13	33554302	rs576674	G	A	0.82	2	0.157	-0.00368423	0.002605144	537349	532576
13	113351662	rs282587	G	A	0.868	0.28	0.597	0.00154872	0.002926806	537349	531186
13	114542858	rs9604573	G	A	0.278	0.625	0.429	-0.001738578	0.002199147	537349	501081
16	293562	rs11248914	T	C	0.349	0.491	0.484	-0.001434209	0.002046783	537349	530453
16	53803574	rs1558902	T	A	0.4	26.1	3.25E-07	-0.010053093	0.001967793	535425	533731
16	68750190	rs4783565	G	A	0.283	3.96	0.0467	-0.00431653	0.002169138	535425	534210
16	88853729	rs837763	C	T	0.572	0.345	0.557	-0.001142923	0.001945841	535425	496040
17	27183104	rs9914988	G	A	0.798	0.387	0.534	-0.001500211	0.002411553	537349	534644
17	76117361	rs2073285	T	C	0.802	0.611	0.434	-0.001857732	0.002376635	537349	472348
17	80685533	rs1046896	C	T	0.328	0.0189	0.891	-0.000287765	0.002093183	535425	534150
19	17246737	rs11086054	A	T	0.304	0.0201	0.887	0.000297868	0.002100998	537349	524631
19	17256523	rs17533903	G	A	0.198	3.06	0.0802	0.004150077	0.002372441	537349	527227
22	37469591	rs4820268	G	A	0.533	3.5	0.0614	-0.003620887	0.001935446	537349	521172