CHROM	POS	SNP	other_allele	effect_allele	AF	STAT	pval	beta	se	N	EFFECTIVE_N
1	6672729	rs11583755	A	C	0.364	3.88	0.049	-0.003975425	0.002018216	535425	527407
1	11317932	rs7554251	T	C	0.732	2.95	0.0861	-0.003751795	0.002184379	535425	529981
1	16050470	rs12746673	A	C	0.205	13.6	0.000226	-0.008660047	0.002348285	535425	523344
1	20707153	rs10916780	A	G	0.193	0.302	0.583	0.00133266	0.002425023	535425	524927
1	26396065	rs9438610	A	G	0.192	4.4	0.0359	-0.005334774	0.002543254	535425	531856
1	27284913	rs79598313	C	T	0.0238	0.144	0.705	0.002376764	0.006263324	535425	522399
1	29060898	rs3753693	C	T	0.403	1.43	0.233	-0.002346981	0.001962644	535425	532326
1	33196120	rs59020573	G	A	0.037	0.0427	0.836	-0.001121126	0.005425511	535425	515217
1	36789546	rs12116935	A	G	0.37	1.7	0.192	-0.002586869	0.001984038	535425	526883
1	39855177	rs61779284	G	A	0.203	1.16	0.281	-0.002564309	0.002380901	535425	533289
1	51209148	rs79090772	T	C	0.0906	9.9	0.00165	-0.010759723	0.003419665	531661	523965
1	62579891	rs12140153	G	T	0.0715	0.0365	0.849	0.000622666	0.003259181	535425	498710
1	64107284	rs2269247	C	T	0.195	5.76	0.0164	0.006163835	0.002568264	498607	494221
1	65989878	rs10889560	C	A	0.0918	1.91	0.167	-0.004822484	0.003489427	535425	530911
1	67010654	rs4655617	A	C	0.433	0.0453	0.832	0.000414874	0.001949247	535425	529847
1	72751552	rs2613499	A	G	0.175	5.03	0.0249	0.005524594	0.002463295	535425	532165
1	92048779	rs4658234	T	G	0.773	0.247	0.619	-0.001153775	0.002321522	535425	529261
1	96404462	rs10159026	C	T	0.253	2.39	0.122	-0.003454737	0.002234684	535425	532042
1	112289983	rs197374	C	T	0.4	0.146	0.702	-0.000760719	0.001990894	535425	533699
1	117532790	rs1127215	C	T	0.399	0.437	0.509	-0.001294736	0.001958577	535425	529933
1	118169463	rs2282456	G	A	0.303	4.88	0.0271	-0.004580118	0.002073322	535425	533998
1	120499573	rs2453051	A	C	0.115	0.702	0.402	0.002608615	0.003113446	535425	527630
1	149891028	rs72692804	G	C	0.0661	1.52	0.217	-0.004427128	0.003590875	535425	528345
1	151017991	rs145904381	T	C	0.00987	1.55	0.212	-0.010387369	0.008343335	535425	465829
1	155269776	rs3020781	A	G	0.275	0.375	0.54	0.001339252	0.00218699	535425	531598
1	172368310	rs7546252	A	G	0.582	0.299	0.585	-0.001066438	0.001950295	535425	530620
1	177889025	rs539515	A	C	0.179	7.16	0.00747	-0.006440433	0.002406903	535425	531982
1	179248952	rs2816177	A	G	0.405	0.685	0.408	0.001626159	0.001964797	535425	531780
1	183004334	rs4129858	A	G	0.419	0.78	0.377	0.001727527	0.001956039	535425	533523
1	184014593	rs1327123	G	C	0.338	0.0522	0.819	-0.000463199	0.002027367	535425	528696
1	200197538	rs12128213	A	G	0.482	2.31	0.129	0.00293767	0.001932845	535425	531615
1	201849926	rs41304257	A	G	0.275	1.78	0.183	0.002893991	0.002169138	535425	527466
1	204490470	rs12041243	A	G	0.188	0.513	0.474	0.001760773	0.002458356	535425	530808
1	205044339	rs11240351	A	G	0.427	6.67	0.00981	-0.005072476	0.001964071	535425	532811
1	205789455	rs7538321	A	T	0.126	0.0589	0.808	-0.000701989	0.002892494	535425	531524
1	206621028	rs61817176	A	C	0.489	0.621	0.431	0.001523821	0.001933696	535425	534412
1	214159256	rs340874	T	C	0.515	4.54	0.0331	-0.004147042	0.001946303	535425	530733
1	219748818	rs2820446	C	G	0.277	0.0109	0.917	-0.000220797	0.002114851	535425	532752
1	229672955	rs348330	G	A	0.612	0.0227	0.88	-0.0003026	0.002008429	535425	517765
1	235542023	rs10737818	A	G	0.67	6.72	0.00956	0.005245193	0.002023377	535425	523394
2	653874	rs10188334	C	T	0.17	6.74	0.0094	-0.006666889	0.00256799	537349	526124
2	16238001	rs28758542	G	A	0.68	0.63	0.427	-0.001646855	0.002074843	537349	510826
2	18707873	rs11096542	G	A	0.603	0.723	0.395	0.001668286	0.001962011	537349	529260
2	25635771	rs34845373	A	G	0.262	3.37	0.0664	-0.003988673	0.002172769	537349	533106
2	26192802	rs72803684	C	T	0.035	0.127	0.721	-0.001635921	0.004590504	537349	491457
2	27730940	rs1260326	T	C	0.595	144	3.33E-33	0.02381201	0.001984334	537349	532340
2	37204168	rs77424687	C	T	0.206	3.07	0.0796	-0.00424137	0.002420678	537349	529169
2	43611883	rs76675804	T	C	0.0836	3.45	0.0632	-0.00613665	0.003303862	537349	532601
2	55157914	rs5010712	G	A	0.143	0.0678	0.795	-0.000713353	0.002739616	537349	535291
2	58975143	rs12986742	T	C	0.475	10	0.00157	-0.00610784	0.001931469	537349	532226
2	65279414	rs2723065	A	G	0.388	8.4	0.00376	0.005756899	0.001986319	537349	536214
2	67622243	rs4671799	A	G	0.688	7.44	0.00638	0.005631194	0.002064496	537349	534450
2	86707504	rs4832290	T	C	0.778	0.62	0.431	0.001818907	0.002310014	537349	529388
2	100598726	rs34506349	G	A	0.0363	5.7	0.017	0.011573849	0.004847752	537349	513163
2	105165674	rs10469860	A	G	0.276	1.51	0.219	-0.002648721	0.002155499	537349	535554
2	111887754	rs113135335	T	G	0.0991	1.17	0.279	0.003389441	0.003133539	537349	520694
2	112823114	rs74677818	C	T	0.138	0.446	0.504	0.001885165	0.002822811	537349	528144
2	121337196	rs9308614	A	G	0.134	0.559	0.455	-0.00203101	0.002716478	537349	518144
2	145726656	rs12151653	C	T	0.291	5.8	0.016	-0.005084109	0.002111062	537349	531244
2	146350724	rs6716394	G	A	0.534	7.92	0.00488	0.005449559	0.001936416	537349	531922
2	152198598	rs3845843	C	T	0.493	0.479	0.489	0.001335292	0.001929339	537349	525291
2	161333872	rs6710938	A	C	0.23	0.0194	0.889	-0.000318297	0.002285242	537349	532094
2	163623932	rs305686	C	T	0.36	2.05	0.152	-0.002880877	0.002012092	537349	506327
2	165508389	rs10184004	C	T	0.406	3.49	0.0619	0.003662612	0.001960551	537349	532465
2	166610827	rs13406280	C	T	0.475	0.0151	0.902	0.000237077	0.001929304	537349	530828
2	172796774	rs62182438	A	T	0.271	0.00902	0.924	-0.000204944	0.002157908	537349	530939
2	175197545	rs12992995	C	A	0.268	0.0128	0.91	-0.000244691	0.002162784	537349	516915
2	179650954	rs6715901	G	A	0.478	0.485	0.486	-0.001343659	0.001929381	537349	527086
2	181618654	rs6741676	A	G	0.318	0.00034	0.985	-3.78E-05	0.002049886	537349	530438
2	196952010	rs6712905	T	C	0.286	1.81	0.179	0.002962355	0.002201901	537349	536131
2	203235139	rs6714523	G	A	0.118	0.0203	0.887	-0.000424466	0.00297917	537349	530952
2	205375909	rs4482463	C	A	0.908	2.57	0.109	0.005732974	0.003576131	537349	525153
2	208870017	rs34329895	A	G	0.587	1.89	0.169	-0.002718883	0.001977696	537349	534557
2	212274937	rs3828242	A	G	0.279	1.24	0.265	-0.002355386	0.002115199	537349	533868
2	213829721	rs4673712	T	C	0.291	0.00119	0.972	-7.18E-05	0.002080206	537349	533585
2	219168432	rs1877712	G	A	0.562	3.3	0.0691	0.003534638	0.001945754	537349	533788
2	219859171	rs113414093	G	A	0.0472	0.658	0.417	-0.003748481	0.004621068	500531	350641
2	227105921	rs2943650	C	T	0.628	21.4	3.81E-06	-0.00927437	0.00200483	537349	535421
2	228971884	rs13415288	T	C	0.353	9.83	0.00172	-0.006393611	0.002039245	537349	532742
2	234303281	rs838720	C	G	0.38	0.0279	0.867	0.000331449	0.001984334	537349	532541
3	9514016	rs3872707	G	A	0.134	0.771	0.38	0.002569929	0.002926806	537349	527816
3	12329783	rs17036160	C	T	0.11	0.0319	0.858	-0.000528281	0.002957806	537349	530252
3	15706124	rs924753	G	A	0.597	3.18	0.0745	0.003517258	0.001972381	537349	534187
3	23457080	rs13094957	T	C	0.221	2.14	0.144	-0.003458469	0.002364161	537349	535855
3	28731810	rs9869477	G	A	0.457	0.191	0.662	-0.000844773	0.001932961	537349	534214
3	35670150	rs1470560	G	A	0.36	1.67	0.196	0.002583373	0.001999074	537349	532005
3	47693664	rs62262091	C	T	0.0784	0.759	0.384	-0.002882466	0.003308593	537349	495467
3	49995518	rs6792892	T	C	0.507	0.462	0.497	-0.001313094	0.001931856	537349	532180
3	53125429	rs62255926	A	T	0.274	3.08	0.079	-0.003719535	0.002119402	537349	524011
3	54828827	rs76263492	G	T	0.0442	0.148	0.701	0.00184584	0.004798032	537349	520762
3	63948566	rs13434089	T	C	0.133	0.0926	0.761	-0.000903296	0.002968416	537349	533235
3	64703394	rs66815886	G	T	0.293	1.43	0.232	-0.002580483	0.002157908	537349	532754
3	70520917	rs12494424	G	C	0.0414	9.88	0.00167	0.015399246	0.004899153	537349	500145
3	71648868	rs853866	T	A	0.402	1.48	0.223	0.002381692	0.001957739	537349	528464
3	72803590	rs9814945	C	T	0.259	6.96	0.00834	-0.005877069	0.002227697	537349	531317
3	77671721	rs2272163	C	A	0.392	3	0.0834	0.00344215	0.001987326	537349	526453
3	86756871	rs6549112	T	G	0.357	0.0955	0.757	0.000620289	0.002007207	537349	513162
3	88130136	rs73146095	C	T	0.0947	1.32	0.25	-0.003542031	0.003082943	537349	533716
3	93981060	rs978444	G	T	0.578	4.58	0.0324	-0.004167673	0.001947426	533585	529224
3	113288430	rs11929640	G	A	0.269	0.0876	0.767	0.000668492	0.002258626	537349	536415
3	115063672	rs7645613	T	C	0.165	1.83	0.176	-0.003842793	0.002840674	537349	533463
3	121961461	rs13059382	G	T	0.0808	0.138	0.71	0.001333113	0.00358862	537349	533598
3	123065778	rs11708067	A	G	0.202	0.457	0.499	-0.001544864	0.002285242	537349	535384
3	124921457	rs9873519	C	T	0.516	4.65	0.031	0.004172258	0.001934838	537349	532178
3	129293256	rs2255703	T	C	0.399	0.421	0.517	0.001291466	0.001990408	537349	519486
3	131750844	rs9857204	G	A	0.302	1.65	0.199	-0.002674405	0.002082022	537349	534829
3	136069472	rs667920	G	T	0.772	0.621	0.431	0.001814679	0.002302789	537349	532705
3	138055136	rs6766859	C	T	0.61	0.372	0.542	-0.001213986	0.001990408	537349	523332
3	141101839	rs56243018	A	C	0.0394	0.00799	0.929	0.000401379	0.004490364	537349	531900
3	149221563	rs28712435	C	T	0.488	0.918	0.338	-0.001849177	0.001929999	537349	526822
3	150066540	rs62271373	T	A	0.0539	6.12	0.0134	-0.010467314	0.004231161	537349	503131
3	152084243	rs7633673	G	A	0.409	0.018	0.893	-0.000264738	0.001973243	537349	532996
3	168226052	rs13099581	C	T	0.148	1.18	0.277	-0.003001995	0.00276356	537349	533287
3	170724883	rs8192675	T	C	0.307	0.089	0.765	-0.000634846	0.002128007	537349	535021
3	173107443	rs247975	T	C	0.55	0.256	0.613	-0.000978812	0.001934546	537349	531791
3	173710695	rs59489841	C	T	0.257	2.11	0.147	0.003218932	0.002216004	537349	533061
3	183738460	rs2872246	A	C	0.569	8.14	0.00434	0.005529801	0.001938194	537349	532110
3	184882015	rs61579137	G	A	0.171	0.575	0.448	0.002042906	0.002694105	537349	532377
3	185534482	rs9859406	G	A	0.324	4.02	0.045	-0.004178111	0.002083852	537349	534014
3	186665645	rs3887925	C	T	0.533	0.104	0.747	-0.000624585	0.001936756	537349	527444
3	187741842	rs6777684	A	G	0.63	0.172	0.679	0.000819457	0.001975886	537349	528963
3	195831237	rs9872347	T	C	0.669	1.39	0.238	0.002432028	0.002062819	537349	527131
4	720681	rs73221116	G	A	0.036	0.544	0.461	0.003571391	0.004842146	537349	517793
4	1240299	rs730831	T	G	0.0526	7.28	0.00699	0.013156422	0.004876094	537349	521694
4	1784403	rs56337234	C	T	0.491	0.00656	0.935	-0.000156265	0.001929339	537349	498130
4	3241845	rs362307	C	T	0.0633	8.25	0.00407	-0.010564628	0.003678131	537349	508888
4	6306763	rs10937721	G	C	0.604	2.28	0.131	-0.002957163	0.001958429	537349	521245
4	18044357	rs2169033	C	T	0.7	2.61	0.106	-0.003369548	0.002085698	537349	532223
4	20265535	rs7664347	T	C	0.653	4.39	0.0362	-0.0042158	0.002012092	537349	534766
4	44503503	rs34617913	G	A	0.771	4.16	0.0413	-0.004749466	0.002328617	537349	533514
4	45186139	rs10938398	G	A	0.424	7.65	0.00567	-0.005398751	0.001951923	537349	532560
4	49067323	rs2605281	A	G	0.713	5.67	0.0172	0.005056834	0.002123671	537349	528658
4	52798624	rs1996617	T	C	0.297	6.79	0.00919	-0.00553941	0.00212583	537349	533097
4	71835822	rs7674402	G	A	0.0637	0.068	0.794	-0.001302532	0.004994983	537349	528873
4	76496817	rs6835992	A	G	0.7	0.192	0.661	-0.000918895	0.002097082	537349	531628
4	77017680	rs4440243	C	T	0.565	1.55	0.214	-0.002410406	0.001936085	537349	532199
4	77533939	rs56281442	A	G	0.374	1.69	0.194	0.002583524	0.001987326	537349	535036
4	83584496	rs993380	A	G	0.638	7.64	0.00572	0.005648983	0.00204373	537349	536109
4	89713121	rs9991328	C	T	0.494	1.88	0.171	0.002652916	0.001934838	537349	534249
4	95114572	rs28408270	G	T	0.457	1.49	0.222	0.00235948	0.001932961	537349	535530
4	96114385	rs3755879	A	G	0.686	0.0385	0.844	-0.000411097	0.002095147	537349	529618
4	103188709	rs13107325	C	T	0.0654	86.8	1.23E-20	-0.036454753	0.00391286	537349	528164
4	103895317	rs7659468	T	G	0.504	7.49	0.00621	0.00528171	0.001929895	537349	534409
4	106048291	rs17035289	T	C	0.187	2.04	0.154	0.003711818	0.002598792	537349	529743
4	121765788	rs4833687	C	T	0.281	3.07	0.0798	-0.003776739	0.002155499	537349	533705
4	129024273	rs4834232	C	T	0.22	1.36	0.244	-0.002698183	0.002313673	537349	533790
4	130786346	rs2952858	A	G	0.694	0.0306	0.861	0.000377905	0.002160337	537349	532245
4	140906390	rs12505942	T	C	0.327	0.329	0.566	0.001163129	0.002027822	537349	531371
4	153520475	rs6813195	C	T	0.3	0.00048	0.983	4.72E-05	0.002155499	537349	515011
4	156697784	rs2125799	T	C	0.34	0.129	0.719	0.000736813	0.002051457	537349	522655
4	157652753	rs28819812	C	A	0.336	0.311	0.577	-0.001194869	0.002142595	500531	497176
4	185716100	rs55691245	G	A	0.133	3.14	0.0762	0.004926158	0.002779992	537349	533948
4	186580062	rs35901985	A	G	0.171	5.14	0.0234	-0.005781793	0.00255024	537349	506229
5	36084426	rs114136102	T	C	0.0355	1.24	0.265	0.005404494	0.004853378	537349	522952
5	44644006	rs4479849	G	A	0.41	0.546	0.46	-0.001457428	0.001972381	537349	528149
5	46204748	rs8188241	A	G	0.605	2.58	0.108	0.00316375	0.001969665	533585	509841
5	50145266	rs152839	C	T	0.411	4.19	0.0407	-0.003994251	0.00195132	537349	525671
5	51763665	rs12187734	C	T	0.467	2.89	0.0892	-0.003281609	0.001930358	537349	533185
5	53272664	rs4865796	G	A	0.703	0.639	0.424	-0.001665779	0.002083852	537349	535465
5	54986775	rs6897117	T	C	0.706	1.5	0.221	-0.002580523	0.002106989	537349	536953
5	55807370	rs464605	C	T	0.729	0.165	0.684	-0.000896681	0.002207475	537349	535811
5	58132702	rs2662390	T	C	0.846	0.272	0.602	0.001375766	0.002637911	537349	534855
5	67714246	rs4976033	A	G	0.426	1.45	0.229	0.002367156	0.001965816	537349	519898
5	76435004	rs7732130	G	A	0.713	5.2	0.0226	0.004782082	0.002097082	537349	526944
5	78546293	rs2591392	G	A	0.379	1.64	0.2	-0.002542452	0.001985322	537349	535087
5	87102981	rs73167517	G	T	0.0877	1.9	0.168	-0.004660162	0.003380837	537349	528220
5	87697533	rs6870983	C	T	0.235	24	9.40E-07	0.011581976	0.002364161	537349	533187
5	95850250	rs261967	A	C	0.411	0.119	0.73	-0.000677079	0.001962754	537349	532871
5	102586407	rs75432112	G	A	0.0362	4.21	0.0401	-0.009107292	0.004438623	537349	507704
5	122650885	rs144052331	T	C	0.034	0.276	0.6	-0.002933116	0.005583091	537349	513966
5	133861663	rs329118	C	T	0.425	0.000847	0.977	-5.68E-05	0.001951923	537349	529968
5	137431501	rs217256	C	T	0.514	0.409	0.522	-0.00124086	0.001940265	533585	528576
5	151324600	rs302395	T	G	0.349	5.97	0.0145	0.004934977	0.002019752	537349	533128
5	158029734	rs1650505	G	A	0.207	0.0115	0.915	-0.000255777	0.002385135	537349	526678
5	170683134	rs2913873	A	G	0.152	2.03	0.154	0.003787663	0.002658418	537349	532795
5	176679407	rs4343858	G	A	0.21	0.383	0.536	-0.001443473	0.002332433	537349	529099
5	180226516	rs6885157	G	T	0.153	0.725	0.394	0.002536672	0.00297917	537349	502231
6	7231843	rs9379084	G	A	0.12	0.617	0.432	-0.002412054	0.00307075	537349	496255
6	15475051	rs727734	T	A	0.776	2.46	0.117	0.003527551	0.002249084	537349	535604
6	19751516	rs10806906	C	T	0.52	1.43	0.231	-0.002307818	0.001929895	537349	526774
6	20688121	rs10440833	T	A	0.282	2.80E-05	0.996	-1.16E-05	0.002191014	537349	534193
6	26211146	rs9358912	G	T	0.301	0.267	0.605	-0.001112811	0.002153603	533585	523652
6	29816421	rs2394186	A	G	0.159	0.337	0.561	0.001574524	0.002712279	486260	469516
6	31134888	rs3130931	T	C	0.72	1.89	0.169	-0.002872385	0.002089352	533585	521950
6	32138545	rs3130283	A	C	0.875	1.35	0.246	-0.003299609	0.002839852	486260	478512
6	33552707	rs75080135	A	C	0.195	0.269	0.604	0.001275304	0.002458881	537349	529027
6	35259397	rs33959228	C	T	0.0179	11.8	0.000584	0.022058031	0.006421341	537349	505467
6	36911274	rs72846863	G	A	0.149	2.01	0.157	0.003895262	0.002747506	537349	521286
6	39282371	rs34247110	G	A	0.528	0.203	0.652	0.000869371	0.001929555	537349	526016
6	40409243	rs34298980	T	C	0.499	0.52	0.471	-0.001391199	0.001929246	537349	475594
6	41864441	rs2031847	G	C	0.0198	1.04	0.308	0.006604601	0.006476344	537349	528643
6	43813711	rs9472139	G	C	0.278	1.12	0.291	-0.002249767	0.00212583	537349	534935
6	50788778	rs3798519	A	C	0.178	7.32	0.00684	-0.006778461	0.002505391	537349	531251
6	51413013	rs16881572	G	A	0.0272	0.663	0.416	0.004811396	0.005909005	537349	532544
6	53789830	rs9370243	G	T	0.0882	0.733	0.392	0.003044177	0.003555641	537349	529884
6	64163807	rs9449295	T	C	0.543	3.47	0.0625	-0.003605924	0.001935761	537349	531716
6	107445266	rs7752666	C	T	0.305	0.000399	0.984	4.12E-05	0.002061156	537349	514469
6	111738793	rs55812705	T	C	0.246	0.00108	0.974	7.40E-05	0.002252239	537349	535559
6	117996631	rs80196932	T	C	0.161	0.299	0.585	0.001461325	0.00267246	537349	524967
6	126061502	rs7758115	G	A	0.499	2.08	0.15	-0.002783194	0.001929798	537349	533575
6	126792095	rs11759026	A	G	0.243	0.0409	0.84	-0.00046286	0.002288693	537349	522329
6	127412728	rs12192275	G	A	0.216	2.38	0.123	-0.003479492	0.00225542	537349	535762
6	130265266	rs35164294	G	T	0.0705	0.406	0.524	-0.002418569	0.003795732	537349	500231
6	131926334	rs2608953	C	T	0.158	0.298	0.585	-0.001411836	0.002586283	537349	535026
6	137295352	rs2876354	C	T	0.487	5.68	0.0172	0.004773808	0.002003045	500531	487626
6	138864489	rs7742292	T	C	0.453	0.771	0.38	0.001728217	0.001968209	537349	531880
6	139837128	rs11155073	T	C	0.578	0.365	0.546	0.001183611	0.001959128	537349	535905
6	143056556	rs9390022	T	C	0.374	0.114	0.736	-0.000672393	0.001991455	537349	532677
6	153440770	rs7758002	G	T	0.432	4.55	0.0328	-0.004181999	0.001960551	537349	535140
6	160770918	rs501470	T	G	0.486	0.949	0.33	0.001880908	0.001930788	537349	534683
6	164133001	rs4709746	C	T	0.13	0.0548	0.815	0.000662881	0.002831688	537349	521931
7	4683572	rs62452060	G	A	0.141	0.74	0.39	-0.00242073	0.002814041	537349	524567
7	12269593	rs13237518	C	A	0.427	0.528	0.468	-0.001475001	0.002029904	500531	499672
7	13886654	rs7787720	C	T	0.443	0.0121	0.912	0.000213465	0.001940593	537349	533048
7	15926228	rs38221	T	C	0.763	1.22	0.27	-0.002457304	0.002224739	537349	525604
7	18331915	rs583769	G	A	0.262	0.000669	0.979	5.79E-05	0.002236716	537349	533744
7	23884697	rs2188848	A	G	0.203	0.517	0.472	-0.001743858	0.002425302	537349	534881
7	28194397	rs860262	C	A	0.481	3.69	0.0548	0.003706554	0.001929555	537349	534538
7	30728452	rs917195	C	T	0.241	0.813	0.367	0.002063635	0.002288693	537349	512272
7	36742886	rs6978327	C	T	0.563	2.62	0.106	-0.003141817	0.001941021	537349	530750
7	40816653	rs17439448	C	T	0.121	1.67	0.196	-0.003878303	0.003001121	537349	531642
7	44223721	rs730497	G	A	0.17	2.13	0.145	-0.003756667	0.002574026	537349	535448
7	45116468	rs3735491	C	A	0.273	0.791	0.374	0.001927946	0.002167737	537349	531576
7	48839003	rs12539264	A	G	0.273	0.0417	0.838	0.000439677	0.002153108	537349	529701
7	50577968	rs73121277	T	C	0.281	0.845	0.358	-0.001981418	0.002155499	537349	532197
7	55802063	rs6972291	T	C	0.228	2.05	0.152	-0.003618655	0.002527378	537349	518572
7	69649683	rs6975279	C	A	0.27	26.5	2.68E-07	-0.011363674	0.002207475	537349	536856
7	74076493	rs13238568	A	G	0.377	15.5	8.12E-05	-0.007828115	0.001988343	537349	525332
7	77047102	rs12669521	A	G	0.303	4.14	0.0419	0.004164587	0.002046783	537349	525974
7	89803634	rs6956980	T	C	0.512	0.257	0.612	-0.000980042	0.001933206	537349	536674
7	93118736	rs10262104	C	T	0.508	1.86	0.173	0.002631325	0.001929381	537349	531818
7	100313420	rs506597	A	G	0.89	0.239	0.625	-0.001478207	0.003023683	537349	536188
7	102976385	rs187653072	T	C	0.0261	0.646	0.421	-0.004494431	0.005591888	537349	515594
7	104516274	rs73184014	A	G	0.211	0.0138	0.907	-0.000273999	0.002332433	537349	520761
7	117495667	rs6976111	C	A	0.279	1.87	0.171	0.002968575	0.002170837	500531	487842
7	131574608	rs12667919	A	C	0.756	3.09	0.0787	0.003981714	0.002265118	537349	535137
7	140522073	rs60251368	A	G	0.0554	5.38	0.0204	-0.009348678	0.004030501	537349	495818
7	142607301	rs4252505	A	G	0.0831	0.512	0.474	-0.002776105	0.003879724	537349	534675
7	147658539	rs1922879	G	A	0.319	8.32	0.00392	0.005886359	0.002040728	537349	533892
7	148429806	rs243513	G	A	0.294	0.399	0.527	-0.00133091	0.002106989	537349	534135
7	149238823	rs62490267	T	C	0.289	0.325	0.568	-0.001197753	0.002100998	537349	523710
7	150537635	rs62492368	G	A	0.334	0.798	0.372	-0.001864833	0.002087558	537349	526904
7	156948648	rs6946660	T	C	0.371	2.59	0.107	-0.003274815	0.002034871	537349	532750
8	8721473	rs4382480	G	A	0.46	0.23	0.631	-0.000933167	0.001945788	533585	528543
8	9265105	rs17662402	T	C	0.0476	0.143	0.705	-0.001571167	0.00415484	533585	519976
8	9974584	rs60384372	A	G	0.45	0.481	0.488	0.001345309	0.001939767	533585	527618
8	11069960	rs2409742	C	T	0.479	1.13	0.289	0.002058841	0.001936794	533585	526874
8	12643055	rs12056338	G	T	0.4	3.83	0.0505	-0.003831371	0.001957739	537349	527823
8	14148990	rs35753840	A	C	0.351	0.396	0.529	-0.001250595	0.001987326	537349	529979
8	19830921	rs10096633	C	T	0.144	0.0518	0.82	0.000673185	0.002957806	537349	535525
8	22492103	rs6558173	G	T	0.358	1.21	0.272	-0.002221727	0.002019752	537349	533552
8	25871721	rs11998023	T	G	0.178	0.00685	0.934	-0.000201899	0.00243943	537349	532951
8	28095939	rs11994255	C	T	0.271	0.252	0.616	-0.001080852	0.002153108	537349	533326
8	30852826	rs2725370	T	C	0.715	0.0917	0.762	0.000638653	0.002109017	537349	531121
8	34502571	rs4463416	A	C	0.255	0.613	0.434	0.001735005	0.002216004	537349	535459
8	36858483	rs13365225	A	G	0.182	3.38	0.0661	-0.004777821	0.002598792	537349	532883
8	37397803	rs12680217	T	C	0.0784	1.66	0.198	-0.005165322	0.004009067	537349	504795
8	41508577	rs13262861	C	A	0.18	0.588	0.443	0.001960045	0.002556097	537349	513504
8	57496064	rs3887059	G	A	0.251	1.53	0.216	-0.002720195	0.002199147	537349	528855
8	72407374	rs10101067	G	C	0.0679	3.74	0.0532	-0.007104381	0.003673588	537349	532229
8	74568099	rs28792187	A	G	0.0716	1.42	0.233	-0.004705416	0.003948697	500531	493963
8	95967372	rs10808671	A	G	0.537	2.54	0.111	0.003077169	0.001930788	537349	535564
8	97138738	rs510062	A	G	0.402	1.59	0.208	-0.002467756	0.001957058	537349	533898
8	103876325	rs2679745	G	A	0.187	0.944	0.331	0.002413671	0.002484232	537349	536080
8	105662373	rs112515915	A	G	0.0679	0.00162	0.968	-0.000151768	0.003770704	537349	531469
8	116565365	rs3802219	T	C	0.593	10	0.00156	0.006153014	0.001945754	537349	535978
8	118184783	rs13266634	C	T	0.306	4.34	0.0371	0.004318786	0.002073084	537349	534635
8	128711742	rs17772814	G	A	0.0683	0.0212	0.884	-0.000512198	0.003517789	537349	457939
8	129568078	rs1561927	C	T	0.725	0.0181	0.893	-0.000292316	0.002172769	537349	526490
8	135775546	rs4294149	C	T	0.398	0.0601	0.806	-0.000488471	0.001992513	537349	533034
8	145525277	rs13268508	C	T	0.364	0.724	0.395	0.001702908	0.002001345	537349	500178
9	1033773	rs1567353	C	G	0.326	0.638	0.424	-0.001664475	0.002083852	537349	527912
9	3249708	rs75619936	C	G	0.111	0.65	0.42	-0.00252634	0.003133539	537349	532472
9	8290816	rs10758950	T	A	0.193	1.51	0.219	0.003112614	0.00253301	537349	533618
9	14141703	rs73642097	A	G	0.152	3.15	0.0761	-0.00491933	0.002771728	537349	530607
9	19074538	rs12380322	A	G	0.394	0.0255	0.873	0.000314964	0.001972381	537349	530455
9	20790622	rs2150999	T	C	0.618	0.324	0.569	-0.00113237	0.001989371	537349	531729
9	22134094	rs10811661	T	C	0.175	1.99	0.159	0.003605819	0.002556097	537349	534978
9	23358495	rs7029718	G	A	0.406	0.00102	0.975	-6.25E-05	0.001957739	537349	534646
9	28410683	rs1412234	T	C	0.292	2.89	0.0894	-0.003506793	0.002062819	537349	528964
9	29089437	rs13288108	C	A	0.173	3.02	0.082	0.00446269	0.00256799	537349	534222
9	34074476	rs12001437	T	C	0.392	4.06	0.044	-0.004016954	0.001993581	537349	530293
9	35749014	rs1570247	G	A	0.414	15.1	0.000102	0.007589709	0.001953155	537349	533312
9	81344701	rs1929883	G	A	0.424	0.273	0.601	0.001021853	0.001955722	537349	525437
9	81907986	rs67269808	A	G	0.0638	0.537	0.464	-0.00291806	0.003982054	537349	531376
9	84308948	rs2796441	G	A	0.395	0.674	0.412	-0.001607821	0.001958429	537349	531165
9	85312075	rs654629	G	C	0.376	3.63	0.0568	0.003769769	0.001978615	537349	536332
9	96915002	rs10993072	C	T	0.31	3.48	0.0619	-0.00385442	0.002066186	537349	533668
9	97795421	rs6479591	G	A	0.868	0.98	0.322	-0.003004696	0.003035201	537349	535516
9	111938268	rs10119430	G	A	0.799	0.282	0.595	-0.001259853	0.002372441	537349	531818
9	116943357	rs1431819	A	G	0.689	1.45	0.228	0.002539593	0.002109017	537349	523628
9	119252277	rs1885234	T	G	0.394	2.21	0.137	-0.002905456	0.001954421	537349	533195
9	125689694	rs10818763	C	T	0.15	10.6	0.00116	0.009338528	0.002868306	537349	533124
9	133786652	rs6597649	C	T	0.413	6.68	0.00974	-0.005070953	0.001962011	537349	506975
9	136149500	rs529565	T	C	0.341	1.31	0.253	0.002427281	0.002120726	500531	496927
9	136890704	rs379417	G	A	0.3	10.5	0.00119	0.006961554	0.002148382	537349	502401
9	139248082	rs28642213	A	G	0.745	0.446	0.504	0.001487728	0.002227697	537349	488457
10	12307894	rs11257655	C	T	0.22	1.01	0.316	0.002380095	0.002368283	537349	530699
10	13540869	rs11258422	A	C	0.363	2.34	0.126	0.003114966	0.002036317	537349	533565
10	33997227	rs71495046	A	C	0.0897	0.00197	0.965	-0.000154265	0.00347564	537349	534788
10	44027356	rs3122231	T	C	0.678	0.336	0.562	0.001179523	0.002034871	537349	535106
10	63717113	rs146716733	C	T	0.0519	0.182	0.67	0.001843457	0.004321129	537349	530658
10	64970928	rs111765639	G	A	0.0273	2.56	0.11	0.009182121	0.005738826	537349	529645
10	70382179	rs10998338	A	G	0.544	0.68	0.41	-0.001598276	0.001938194	537349	529893
10	71321279	rs177045	A	G	0.346	0.198	0.657	-0.000928077	0.002085698	537349	526353
10	72648336	rs827237	C	T	0.205	0.0649	0.799	-0.000612071	0.00240259	537349	522553
10	75598099	rs2633311	C	T	0.442	2.29	0.13	-0.002941446	0.001943762	537349	533417
10	77244336	rs3012060	T	A	0.886	0.0922	0.761	-0.000911274	0.003001121	537349	535244
10	80947438	rs697239	T	C	0.444	5.07	0.0244	0.004357977	0.001935446	537349	516690
10	88117318	rs11201992	C	A	0.486	0.0133	0.908	0.000223243	0.001935761	537349	533871
10	89722731	rs36062478	T	C	0.123	4.55	0.0329	0.005843801	0.002739616	537349	532860
10	94462882	rs1111875	C	T	0.425	0.798	0.372	0.001748865	0.001957739	537349	536328
10	99091369	rs945187	G	A	0.6	0.511	0.474	-0.00140306	0.001962754	537349	532142
10	100421841	rs524903	A	G	0.829	0.234	0.628	-0.001254087	0.002592506	537349	532389
10	101912194	rs1408579	C	T	0.446	19.3	1.12E-05	-0.008477554	0.001929709	537349	536012
10	103065789	rs620191	G	T	0.293	0.806	0.369	-0.001967038	0.002191014	537349	531731
10	104563743	rs2482506	C	G	0.259	0.323	0.57	-0.001257795	0.002213138	537349	534014
10	112678657	rs7895872	G	T	0.745	1.55	0.214	-0.002762499	0.002218892	537349	534970
10	114749734	rs35011184	G	A	0.235	2.71	0.0995	-0.003796791	0.002306386	537349	524675
10	121660400	rs11199116	A	C	0.216	4.6	0.032	-0.005134097	0.002393785	537349	531417
10	122930568	rs7071036	T	C	0.0355	0.0692	0.793	0.001737672	0.006605637	537349	527477
10	124193181	rs2280141	T	G	0.5	0.00102	0.974	6.17E-05	0.001930637	537349	535162
10	125226178	rs705145	C	A	0.354	1.11	0.293	-0.002129327	0.002021068	537349	536351
11	2197286	rs4929965	A	G	0.638	2.32	0.128	0.003053666	0.00200483	537349	497359
11	2858546	rs2237897	C	T	0.0534	0.471	0.493	0.00312173	0.004548675	537349	495041
11	8677063	rs7941510	C	A	0.307	2.44	0.118	0.00338223	0.002165251	537349	533809
11	9856015	rs76789970	C	T	0.105	0.0013	0.971	0.000112515	0.003120608	537349	533568
11	13340710	rs10766076	T	A	0.251	0.265	0.606	-0.001139283	0.002213138	537349	533120
11	14518419	rs117316450	C	G	0.018	0.00584	0.939	-0.000537183	0.007029362	537349	516226
11	17418477	rs757110	C	A	0.63	1.57	0.21	0.00250343	0.001997955	537349	534401
11	20952237	rs16907058	G	A	0.0444	0.222	0.638	-0.002089349	0.004434397	537349	533684
11	27686196	rs10767659	G	T	0.675	5.02	0.0251	-0.00458589	0.002046783	537349	532163
11	30620262	rs10835690	T	A	0.188	1.28	0.257	-0.002804743	0.002479066	537349	515897
11	32956492	rs62618693	C	T	0.0373	0.355	0.551	-0.002778336	0.004663056	537349	521619
11	34908780	rs2956092	T	C	0.675	9.54	0.00202	-0.006471257	0.002095147	537349	536296
11	43878459	rs35251247	G	A	0.308	0.303	0.582	0.001171371	0.002128007	537349	526890
11	45858584	rs12419690	G	A	0.537	0.932	0.334	-0.001875597	0.001942816	537349	534182
11	48489360	rs149027146	A	T	0.0581	0.299	0.585	-0.002176995	0.003981272	533585	508920
11	50110597	rs11561066	T	C	0.0858	0.000283	0.987	5.72E-05	0.003403062	533585	529781
11	55588216	rs116861182	A	C	0.0496	1.84	0.175	-0.005640499	0.004158231	533585	503070
11	58128015	rs7483027	T	C	0.362	2.13	0.145	0.002903391	0.001989371	537349	536938
11	61565908	rs174541	T	C	0.349	6.58	0.0103	0.005139684	0.002003657	537349	532978
11	64100776	rs1662185	A	G	0.671	0.267	0.606	0.001094048	0.002117292	537349	517300
11	65326154	rs12789028	G	A	0.179	0.138	0.711	0.000915282	0.002463857	537349	522853
11	69463273	rs3918298	G	A	0.0377	0.838	0.36	-0.00555939	0.006073026	537349	506514
11	72460762	rs11602873	A	T	0.149	1.51	0.22	-0.003225161	0.002624598	537349	528460
11	76230357	rs2513505	C	A	0.584	1.91	0.167	-0.002713619	0.001963506	537349	534998
11	92708710	rs10830963	C	G	0.271	0.193	0.66	-0.000951233	0.002165251	537349	528444
11	95710493	rs7130522	A	C	0.312	4.64	0.0313	-0.004602993	0.002136886	537349	530414
11	117693255	rs529623	T	C	0.528	3.19	0.0741	-0.003449388	0.001931287	537349	514558
11	118953202	rs7127212	C	T	0.401	3.77	0.0522	-0.003820004	0.001967402	537349	533395
11	128234144	rs10750397	A	G	0.719	0.0755	0.783	-0.000589675	0.002146047	537349	533715
12	4384844	rs76895963	T	G	0.0174	1.39	0.238	0.008064354	0.006840096	537349	418398
12	6691452	rs7316626	G	A	0.158	0.000194	0.989	3.63E-05	0.002605144	537349	528261
12	12871099	rs2066827	T	G	0.243	0.191	0.662	-0.001001761	0.002292174	537349	482359
12	20591332	rs7134150	G	A	0.0751	1.34	0.247	-0.004529463	0.00391286	537349	525833
12	21843576	rs11046164	C	T	0.26	0.159	0.69	0.000871543	0.002185698	537349	532848
12	26463174	rs11048457	G	A	0.733	0.0167	0.897	-0.000286371	0.002216004	537349	529562
12	27963676	rs3751239	C	G	0.196	2.28	0.131	-0.003669173	0.002429969	537349	535058
12	33410855	rs10844519	T	G	0.316	0.773	0.379	0.001884776	0.00214373	537349	529087
12	41863393	rs2730827	C	T	0.471	0.189	0.664	0.000839265	0.001930494	537349	533415
12	43046449	rs11181613	C	A	0.142	1.09	0.296	-0.002860243	0.002739616	537349	530889
12	45868623	rs2408252	T	C	0.544	2.42	0.12	-0.003048788	0.001959835	537349	533483
12	50263148	rs7132908	G	A	0.367	26	3.38E-07	-0.010103355	0.001981431	537349	532177
12	54429385	rs12422600	G	A	0.358	0.118	0.732	-0.000685939	0.001996846	537349	525864
12	57146069	rs2277339	T	G	0.107	0.068	0.794	-0.000827554	0.003173525	537349	528377
12	61250814	rs11173646	A	T	0.797	6.44	0.0111	-0.006385599	0.002516278	537349	534658
12	66216162	rs2257883	G	A	0.169	1.52	0.218	-0.003513434	0.002849771	537349	530472
12	71520761	rs10879261	T	G	0.394	2.32	0.128	-0.002990723	0.001963506	537349	532827
12	81309262	rs11114650	G	C	0.0322	0.0493	0.824	-0.001779661	0.008015191	537349	515127
12	95928113	rs11108094	C	A	0.0628	1.97	0.16	-0.00540768	0.003852813	537349	529216
12	97849120	rs6538805	T	C	0.427	2.71	0.0999	-0.003241424	0.001969025	537349	525515
12	106288445	rs12825669	G	A	0.359	1.08	0.299	-0.002081055	0.002002496	537349	531379
12	108629780	rs1426371	G	A	0.271	20	7.64E-06	-0.009834884	0.002199147	537349	518259
12	117723613	rs884847	A	G	0.791	0.115	0.734	-0.000814758	0.00240259	537349	529717
12	118406696	rs79310463	C	T	0.141	0.526	0.468	0.002121228	0.002924789	500531	489673
12	121432117	rs56348580	G	C	0.309	3.52	0.0605	-0.004084225	0.002176899	500531	492931
12	123736084	rs10773000	G	T	0.342	4.05	0.0442	0.004103902	0.002039245	537349	524302
12	124428331	rs4930726	T	C	0.345	2.08	0.15	0.002945335	0.002042223	537349	535977
12	132544643	rs11830241	C	T	0.0901	1.07	0.3	0.003792976	0.003666808	537349	523590
12	133070294	rs11614914	C	T	0.308	0.119	0.73	-0.000708776	0.002054638	537349	503273
12	133730500	rs7970687	C	T	0.547	0.0155	0.901	0.000241937	0.001943285	537349	530319
13	23309382	rs314879	C	T	0.796	0.431	0.511	-0.001541492	0.002348025	537349	517923
13	26776999	rs34584161	A	G	0.235	0.739	0.39	-0.001947211	0.002265118	537349	530408
13	31017268	rs12856169	G	A	0.246	1.05	0.305	-0.002247877	0.002193704	537349	527459
13	33557644	rs57286125	G	C	0.171	2.52	0.112	0.004135538	0.002605144	537349	531974
13	41688401	rs4397977	A	G	0.64	0.481	0.488	0.001411268	0.002034871	537349	516442
13	46514492	rs6561273	C	G	0.389	0.414	0.52	-0.001276777	0.001984334	537349	519145
13	51094114	rs9316500	T	G	0.29	0.0154	0.901	0.000264625	0.002132412	537349	536925
13	54107583	rs9568868	G	T	0.131	0.76	0.383	-0.002517099	0.002887311	537349	524985
13	58691107	rs7991679	T	A	0.166	0.211	0.646	-0.001185173	0.002580123	537349	527026
13	66204880	rs9564268	T	C	0.616	1.72	0.19	0.002598622	0.001981431	537349	532509
13	80705315	rs11616380	G	T	0.275	0.345	0.557	-0.001255136	0.002136886	537349	531050
13	91949562	rs9515905	A	G	0.261	0.117	0.732	0.000754116	0.002204677	537349	535126
13	97176585	rs61967710	G	A	0.0342	0.187	0.666	0.002406771	0.005565626	537349	522206
13	109946882	rs9587811	C	A	0.413	0.866	0.352	0.001823147	0.001959128	537349	534482
13	112187882	rs9560114	A	T	0.255	3.02	0.0825	0.003826496	0.002201901	537349	523686
14	25947436	rs11159347	C	T	0.66	0.209	0.647	0.000943816	0.002064496	537349	532498
14	30086481	rs12433335	T	C	0.593	0.0882	0.766	-0.000582908	0.001962754	537349	534602
14	33303540	rs12883788	C	T	0.458	0.387	0.534	0.001204224	0.001935761	537349	524308
14	35409701	rs712315	A	T	0.835	5.68	0.0172	-0.006302986	0.002644674	537349	517838
14	38804675	rs7147483	T	C	0.263	6.3	0.0121	0.005547798	0.002210295	537349	535387
14	47304091	rs723355	G	A	0.474	0.716	0.397	-0.001632623	0.001929431	537349	533059
14	58732748	rs12892257	G	A	0.591	2.93	0.0872	-0.003349944	0.001957058	537349	530421
14	61229411	rs4902002	G	A	0.704	0.732	0.392	-0.001822536	0.002130201	537349	530324
14	69459229	rs242105	A	C	0.298	3.8	0.0511	-0.004178898	0.00214373	537349	528682
14	77300863	rs2056857	C	T	0.397	0.399	0.528	-0.00123707	0.001958429	537349	530514
14	79942647	rs7156625	G	A	0.206	14.3	0.000153	-0.008834728	0.002336281	537349	534096
14	91963722	rs8010382	A	G	0.428	2.04	0.153	0.00278453	0.001949561	537349	517462
14	94039845	rs11848361	G	A	0.0819	5.37	0.0205	-0.007902696	0.003410265	537349	527355
14	101258584	rs112324411	C	T	0.0632	1.64	0.201	0.004923823	0.003844859	537349	457710
14	103376031	rs4906272	C	T	0.189	0.0212	0.884	0.000382147	0.002624598	537349	528877
14	103960026	rs56365443	A	G	0.352	5.59	0.018	-0.004787946	0.002025085	537349	532012
15	38828140	rs8043085	G	T	0.246	0.0382	0.845	0.000448687	0.002295683	537349	528090
15	39712286	rs148106383	C	T	0.0236	0.0441	0.834	0.001277739	0.006084472	537349	478307
15	40634717	rs4923864	G	A	0.0934	0.386	0.535	-0.002278147	0.003666808	537349	510893
15	41801512	rs2289739	G	T	0.342	0.0898	0.764	-0.000605252	0.002019752	537349	520548
15	43895118	rs2447198	T	C	0.116	1.18	0.278	-0.003613121	0.003326147	537349	530028
15	49794020	rs7169799	T	C	0.472	6.44	0.0112	-0.004900192	0.001930946	537349	531104
15	52587740	rs149336329	G	T	0.0328	2.49	0.114	0.007358178	0.004663056	537349	523962
15	57369850	rs28490139	G	A	0.181	6.15	0.0131	0.006558579	0.002644674	537349	534004
15	58676821	rs11858759	G	A	0.292	0.818	0.366	0.001902005	0.002102979	537349	532747
15	62391608	rs7163757	C	T	0.437	3.33	0.068	0.003549736	0.001945244	537349	534522
15	63871292	rs7178762	C	T	0.527	0.038	0.845	0.000377169	0.001934838	537349	533802
15	74328576	rs9479	A	G	0.513	0.221	0.639	0.000907014	0.001929381	537349	525851
15	75814388	rs6495182	C	T	0.266	0.438	0.508	0.001492672	0.00225542	537349	535315
15	77782335	rs12910361	A	G	0.689	0.19	0.663	-0.000927577	0.002128007	537349	532514
15	83461873	rs36111056	G	A	0.2	2.12	0.146	0.003436321	0.002360075	537349	530926
15	84547222	rs1812707	C	T	0.531	0.021	0.885	-0.000279576	0.001929258	537349	534010
15	90381278	rs893617	C	T	0.724	5.06	0.0244	0.004827413	0.002146047	537349	532415
15	91512067	rs2290203	G	A	0.218	1.74	0.187	0.003175119	0.002407051	537349	532620
15	93925327	rs4777857	G	A	0.595	2.57	0.109	0.003192546	0.001991455	537349	525467
15	99276521	rs59646751	G	T	0.306	8.00E-06	0.998	-5.89E-06	0.002082022	537349	529466
16	300388	rs55857387	T	C	0.208	0.219	0.639	-0.001153022	0.002463857	537349	527587
16	967241	rs12918782	A	G	0.189	0.0554	0.814	-0.000611683	0.002598792	537349	522744
16	3656482	rs8061528	C	T	0.199	0.411	0.521	-0.001543048	0.002406903	535425	523962
16	15153717	rs9927842	T	C	0.841	1.47	0.226	-0.003308729	0.002728993	535425	528652
16	28897452	rs8056890	G	A	0.346	46.1	1.11E-11	-0.013703081	0.002018216	535425	527161
16	29958216	rs8054556	G	A	0.436	16.4	5.26E-05	-0.007849563	0.001938311	535425	526642
16	53800954	rs1421085	T	C	0.4	25.6	4.15E-07	-0.009952475	0.001967031	535425	534191
16	54387084	rs2216063	G	A	0.893	1.53	0.217	-0.003915712	0.003165665	535425	526976
16	56459589	rs111283203	G	C	0.183	0.831	0.362	0.002350674	0.002578647	535425	527162
16	69666683	rs244415	G	A	0.407	1.18	0.278	-0.002131217	0.001961944	535425	532800
16	70660243	rs13330163	A	G	0.439	1.88	0.171	0.002665007	0.001943656	535425	527962
16	71634811	rs4788815	A	T	0.657	6.87	0.00877	0.005331911	0.002034251	535425	531482
16	73098091	rs1075855	G	C	0.741	1.32	0.251	0.002524898	0.002197642	535425	514226
16	75246035	rs72802365	G	C	0.0746	0.687	0.407	-0.003013456	0.003635687	535425	529870
16	81533789	rs56823429	C	A	0.714	7.32	0.00683	0.00572742	0.002116915	535425	522651
16	85716463	rs11646052	A	G	0.37	8.63	0.00331	-0.005792359	0.001971742	535425	521743
16	87856424	rs4384608	C	T	0.563	0.19	0.663	-0.000847403	0.001944077	535425	498800
16	88554480	rs9937296	T	C	0.844	1.21	0.271	0.002985179	0.0027138	535425	448194
16	89630630	rs12932337	C	T	0.175	3.13	0.0767	0.004402944	0.002488691	535425	521259
17	481604	rs11870735	C	T	0.17	1.65	0.199	-0.00325371	0.00253301	537349	525474
17	3988451	rs8071043	T	C	0.336	2.77	0.0959	-0.003427702	0.002059507	537349	528294
17	4854480	rs366577	C	T	0.556	3.18	0.0744	-0.003494886	0.001959835	537349	532713
17	7531965	rs858519	T	C	0.573	15.1	0.000101	0.007549532	0.001942816	537349	528047
17	9787845	rs17810376	A	G	0.289	3.05	0.0807	0.003596774	0.002059507	537349	535197
17	21284910	rs117642733	C	T	0.0417	0.872	0.35	0.004465305	0.004781817	537349	437747
17	27570622	rs9913225	G	A	0.601	8.9	0.00285	-0.005838465	0.001957058	537349	533071
17	29628549	rs2040792	C	A	0.609	23.8	1.05E-06	0.009657255	0.001979544	537349	535899
17	34862220	rs1109442	T	C	0.458	0.646	0.422	0.001553601	0.001932961	537349	534192
17	36099840	rs11651755	C	T	0.514	9.06	0.00261	-0.005812116	0.001930946	537349	528783
17	37746307	rs11078916	T	C	0.69	10.1	0.00148	0.006827665	0.002148382	537349	527218
17	40706273	rs676387	C	A	0.273	13.3	0.00027	-0.00783497	0.002148382	537349	530447
17	41456413	rs56799554	A	G	0.183	7.44	0.00637	-0.007037638	0.002580123	537349	517611
17	46178674	rs3744347	G	A	0.776	4.51	0.0336	0.005047203	0.002376635	537349	534964
17	47060322	rs35895680	C	A	0.304	24.5	7.32E-07	0.010252601	0.002071338	537349	520032
17	61565025	rs4335	G	A	0.467	1.43	0.231	0.002309483	0.001931287	537349	530685
17	62203059	rs57767539	G	A	0.0677	1.15	0.283	-0.004196075	0.00391286	537349	508812
17	65825248	rs12603589	T	C	0.213	8.41	0.00373	0.007130754	0.002458881	537349	528970
17	70645032	rs61736066	G	A	0.083	0.324	0.569	-0.001962566	0.003447877	537349	521579
17	76772288	rs7224711	C	T	0.529	0.818	0.366	-0.001747614	0.001932274	537349	535193
17	78757626	rs11150745	A	G	0.301	2.09	0.148	0.002997022	0.002073084	537349	528466
18	4845027	rs9958640	A	G	0.688	0.0359	0.85	0.000395183	0.002085698	537349	505056
18	7070642	rs7240767	T	C	0.387	0.0559	0.813	-0.000469393	0.001985322	537349	532366
18	21083738	rs303760	C	T	0.341	12.6	0.000382	-0.007198054	0.002027822	537349	528843
18	31582890	rs17747955	T	C	0.471	2.37	0.124	-0.002970625	0.001929628	537349	535292
18	36746623	rs7227272	G	A	0.0983	1.19	0.276	0.003583699	0.003285171	537349	530931
18	40066006	rs410150	C	T	0.785	0.437	0.509	0.001573895	0.002380866	537349	533679
18	53050646	rs72926932	A	C	0.0759	22.1	2.58E-06	-0.016611481	0.003533558	537349	535914
18	54578482	rs10048404	C	T	0.357	0.0474	0.828	-0.000434986	0.001997955	537349	525682
18	56879827	rs9319943	T	C	0.207	0.000216	0.988	-3.58E-05	0.002434678	537349	531585
18	57829135	rs6567160	T	C	0.225	4.95	0.0261	-0.005069172	0.002278424	537349	535015
18	60845884	rs12454712	T	C	0.375	0.795	0.373	0.001772862	0.001988343	537349	495839
18	63426979	rs2032217	G	A	0.322	4.03	0.0447	-0.00428526	0.00213464	537349	533164
18	74558999	rs6565922	C	T	0.393	1.3	0.254	0.002262489	0.001984334	537349	530661
19	1646712	rs4807125	C	T	0.14	0.29	0.59	0.001466975	0.002724103	537349	466216
19	4967739	rs12185519	C	T	0.197	2.47	0.116	0.003762129	0.002393785	537349	521176
19	7240848	rs75253922	T	C	0.185	1.21	0.271	-0.002699346	0.002453951	537349	526774
19	7968168	rs2115107	G	A	0.404	0.546	0.46	0.001467727	0.001986319	537349	504670
19	12505873	rs7246440	A	G	0.723	0.0571	0.811	-0.00054284	0.002271716	537349	529330
19	13010643	rs9384	G	T	0.344	2.13	0.145	0.002903391	0.001989371	537349	531197
19	18834514	rs10404726	C	T	0.48	0.808	0.369	-0.001737736	0.001933206	537349	509186
19	19379549	rs58542926	C	T	0.071	1.09	0.296	0.003809598	0.003648933	537349	528196
19	31865946	rs2867570	G	A	0.391	3.37	0.0664	0.003617695	0.001970684	537349	533161
19	33896432	rs4805881	A	C	0.667	0.4	0.527	-0.001296462	0.002049886	537349	524054
19	45411941	rs429358	T	C	0.141	1.34	0.247	-0.003118652	0.002694105	537349	520850
19	46158417	rs8107527	G	A	0.309	0.303	0.582	-0.001173795	0.002132412	537349	529674
19	47597102	rs10408163	T	C	0.682	0.00536	0.942	-0.000155321	0.002121528	537349	525737
19	50016759	rs142385484	C	T	0.14	0.0432	0.835	-0.000559959	0.002694105	537349	496869
20	2100095	rs6137042	G	A	0.232	2.32	0.128	-0.003659516	0.00240259	537349	534421
20	22428284	rs7274134	C	T	0.256	1.23	0.268	0.002470636	0.002227697	537349	534615
20	32675727	rs6059662	A	G	0.711	4.56	0.0327	0.004374032	0.002048328	537349	529008
20	39832628	rs17265513	T	C	0.192	0.137	0.711	0.000890934	0.002407051	537349	531706
20	42230695	rs6073143	T	C	0.77	0.00961	0.922	0.000226096	0.002306386	537349	534777
20	42994812	rs12625671	T	C	0.124	0.0536	0.817	-0.000719523	0.003107867	537349	529674
20	45594711	rs6066138	G	A	0.247	4.46	0.0346	0.004547086	0.002153108	537349	533847
20	50155386	rs6021276	T	C	0.646	3.05	0.0808	0.003499237	0.002003657	537349	522430
20	51033681	rs4809906	G	A	0.366	0.888	0.346	0.001887027	0.002002496	537349	535862
20	51620857	rs2252115	A	G	0.446	0.0944	0.759	-0.000593618	0.001932061	537349	535954
20	57396495	rs4810145	T	C	0.504	1.59	0.208	0.00243463	0.001930788	537349	532616
20	61277014	rs1815591	A	T	0.611	1.21	0.271	-0.002178531	0.001980483	537349	491795
20	62450664	rs6011155	T	C	0.371	4.25	0.0392	-0.004107671	0.001992513	537349	528948
22	19969696	rs2240716	C	T	0.308	0.45	0.502	0.001397891	0.002083852	537349	509121
22	29369398	rs5762925	A	C	0.373	0.725	0.394	0.001728999	0.002030606	537349	533356
22	30451688	rs56392746	G	A	0.0764	0.166	0.684	0.001388018	0.003406757	537349	533615
22	32203334	rs75307421	G	A	0.0207	0.00151	0.969	0.00030059	0.007735467	537349	530743
22	35705359	rs138771	A	G	0.789	0.213	0.644	0.001123651	0.002434678	537349	528174
22	38599767	rs4820323	C	G	0.569	3.15	0.0759	-0.0034699	0.001955067	537349	529220
22	41593581	rs11913442	C	T	0.631	7.61	0.0058	-0.005505513	0.001995747	537349	530546
22	44324855	rs3747207	G	A	0.233	3.92	0.0476	-0.004617982	0.002332433	537349	528401
22	50356850	rs1801645	C	T	0.74	0.961	0.327	0.002137523	0.002180465	537349	491663