CHROM	POS	SNP	other_allele	effect_allele	AF	STAT	pval	beta	se	N	EFFECTIVE_N
1	6672729	rs11583755	A	C	0.364	0.604	0.437	-0.00288557	0.003712899	632802	625838
1	11317932	rs7554251	T	C	0.732	1.36	0.244	-0.004697685	0.004028232	632802	630471
1	16050470	rs12746673	A	C	0.205	2.28	0.131	-0.00651235	0.004312909	632802	620324
1	20707153	rs10916780	A	G	0.193	0.0682	0.794	0.001162868	0.004452852	632802	624258
1	26396065	rs9438610	A	G	0.192	0.47	0.493	-0.003207628	0.004678806	632802	629148
1	27284913	rs79598313	C	T	0.0238	0.00768	0.93	-0.001011813	0.011545687	632802	617111
1	29060898	rs3753693	C	T	0.403	5.18	0.0228	-0.0082148	0.003609376	632802	629337
1	33196120	rs59020573	G	A	0.037	3.87	0.0493	-0.019577911	0.009952012	632802	620972
1	36789546	rs12116935	A	G	0.37	0.272	0.602	-0.00190545	0.003653534	632802	623146
1	39855177	rs61779284	G	A	0.203	0.00277	0.958	0.000230123	0.004372398	632802	631622
1	51209148	rs79090772	T	C	0.0906	1.35	0.246	-0.007279728	0.006265392	628384	620666
1	62579891	rs12140153	G	T	0.0715	7.01	0.00811	-0.015774334	0.005957884	632802	595513
1	64107284	rs2269247	C	T	0.195	0.18	0.671	-0.001934422	0.004559477	632802	628572
1	65989878	rs10889560	C	A	0.0918	3.81	0.0509	0.01252352	0.006415994	632802	626128
1	67010654	rs4655617	A	C	0.433	0.000163	0.99	4.58E-05	0.003586972	632802	626206
1	72751552	rs2613499	A	G	0.175	27.8	1.34E-07	-0.023845835	0.00452262	632802	628978
1	92048779	rs4658234	T	G	0.773	0.73	0.393	0.003649048	0.004270888	632802	625441
1	96404462	rs10159026	C	T	0.253	2.51	0.113	-0.006530884	0.004122257	632802	627401
1	112289983	rs197374	C	T	0.4	17.6	2.79E-05	0.015357821	0.003660777	632802	630727
1	117532790	rs1127215	C	T	0.399	0.31	0.578	0.002005503	0.003601989	632802	625481
1	118169463	rs2282456	G	A	0.303	2.62	0.106	0.006168823	0.003811111	632802	630894
1	120499573	rs2453051	A	C	0.115	0.0126	0.911	-0.000640345	0.00570465	632802	631459
1	149891028	rs72692804	G	C	0.0661	1.93	0.165	-0.009156223	0.006590794	632802	623393
1	151017991	rs145904381	T	C	0.00987	0.0053	0.942	0.001146948	0.015754537	632802	558289
1	155269776	rs3020781	A	G	0.275	5.69	0.0171	0.009608832	0.004028232	632802	630021
1	172368310	rs7546252	A	G	0.582	0.372	0.542	-0.002187759	0.003586972	632802	627096
1	177889025	rs539515	A	C	0.179	7.54	0.00604	0.012114211	0.004411735	632802	628669
1	179248952	rs2816177	A	G	0.405	0.268	0.605	-0.001870553	0.003613287	632802	626692
1	183004334	rs4129858	A	G	0.419	5.33	0.021	-0.008313126	0.003600814	632802	630807
1	184014593	rs1327123	G	C	0.338	1.23	0.268	0.004133738	0.003727266	632802	624355
1	200197538	rs12128213	A	G	0.482	0.242	0.623	-0.001749204	0.003555763	632802	628652
1	201849926	rs41304257	A	G	0.275	6.51	0.0107	-0.010193455	0.00399513	632802	622512
1	204490470	rs12041243	A	G	0.188	9.84	0.00171	-0.014215408	0.004531706	632802	628572
1	205044339	rs11240351	A	G	0.427	1.94	0.164	0.005030888	0.003611967	632802	627909
1	205789455	rs7538321	A	T	0.126	1.05	0.305	-0.00541682	0.005286275	632802	627445
1	206621028	rs61817176	A	C	0.489	1.65	0.199	0.004569023	0.00355698	632802	631873
1	214159256	rs340874	T	C	0.515	0.166	0.684	-0.001459558	0.003582345	632802	630176
1	219748818	rs2820446	C	G	0.277	1.16	0.282	0.004186329	0.003886909	632802	629420
1	229672955	rs348330	G	A	0.612	0.0118	0.914	-0.000402085	0.003701494	632802	615222
1	235542023	rs10737818	A	G	0.67	0.781	0.377	0.003293942	0.003727266	632802	620364
2	653874	rs10188334	C	T	0.17	51.6	6.74E-13	-0.033997143	0.004732794	632802	621684
2	16238001	rs28758542	G	A	0.68	2.83	0.0925	-0.006416606	0.003814277	632802	606243
2	18707873	rs11096542	G	A	0.603	0.617	0.432	-0.002840326	0.003615977	632802	622644
2	25635771	rs34845373	A	G	0.262	0.00128	0.972	-0.000143266	0.004004403	632802	627476
2	26192802	rs72803684	C	T	0.035	3.03	0.0818	-0.014726719	0.008460279	632802	583316
2	27730940	rs1260326	T	C	0.595	0.616	0.433	0.002873185	0.003660777	632802	628744
2	37204168	rs77424687	C	T	0.206	6.21	0.0127	-0.011117499	0.004461299	632802	621652
2	43611883	rs76675804	T	C	0.0836	1.47	0.225	0.0074144	0.006115294	632802	627817
2	55157914	rs5010712	G	A	0.143	0.0753	0.784	0.001385516	0.005049101	632802	628451
2	58975143	rs12986742	T	C	0.475	5.11	0.0238	-0.008045302	0.003559032	632802	626483
2	65279414	rs2723065	A	G	0.388	0.218	0.64	0.001710101	0.003662633	632802	631472
2	67622243	rs4671799	A	G	0.688	2.4	0.121	0.006169852	0.003982623	575705	572359
2	86707504	rs4832290	T	C	0.778	0.0471	0.828	-0.000923952	0.004257346	632802	623032
2	100598726	rs34506349	G	A	0.0363	0.514	0.473	0.006390613	0.008913761	632802	602354
2	105165674	rs10469860	A	G	0.276	0.66	0.417	-0.003230942	0.003977015	632802	630863
2	111887754	rs113135335	T	G	0.0991	0.43	0.512	-0.003786985	0.005775098	632802	614409
2	112823114	rs74677818	C	T	0.138	0.00459	0.946	-0.000354693	0.00523535	632802	621775
2	121337196	rs9308614	A	G	0.134	1.64	0.201	0.006429391	0.005020511	632802	615510
2	145726656	rs12151653	C	T	0.291	13.6	0.000226	-0.014320426	0.003883171	632802	624729
2	146350724	rs6716394	G	A	0.534	10.7	0.00107	0.011678015	0.003570073	632802	626760
2	152198598	rs3845843	C	T	0.493	13.3	0.000267	0.012967856	0.003555841	632802	621270
2	161333872	rs6710938	A	C	0.23	5.1	0.0239	-0.009540187	0.004224466	632802	626337
2	163623932	rs305686	C	T	0.36	0.0975	0.755	0.001157197	0.003705995	632802	594926
2	165508389	rs10184004	C	T	0.406	2.41	0.12	-0.005607281	0.003611967	632802	629355
2	166610827	rs13406280	C	T	0.475	0.145	0.703	-0.001353929	0.003555592	632802	625255
2	172796774	rs62182438	A	T	0.271	1.85	0.173	0.005397292	0.003968168	632802	624763
2	175197545	rs12992995	C	A	0.268	2.57	0.109	-0.006397335	0.003990548	632802	610977
2	179650954	rs6715901	G	A	0.478	0.157	0.692	0.001408939	0.003555841	632802	623260
2	181618654	rs6741676	A	G	0.318	0.00938	0.923	0.000366742	0.003786688	632802	623975
2	196952010	rs6712905	T	C	0.286	12.5	0.000405	0.014365617	0.00406321	632802	631874
2	203235139	rs6714523	G	A	0.118	0.937	0.333	-0.005314831	0.005490598	632802	627557
2	205375909	rs4482463	C	A	0.908	0.64	0.424	-0.005242424	0.00655303	632802	620862
2	208870017	rs34329895	A	G	0.587	0.284	0.594	0.001943322	0.003646579	632802	629844
2	212274937	rs3828242	A	G	0.279	2.23	0.136	-0.005832973	0.003906048	632802	626045
2	213829721	rs4673712	T	C	0.291	1.67	0.197	-0.004954374	0.00383381	632802	628475
2	219168432	rs1877712	G	A	0.562	3.67E-05	0.995	2.17E-05	0.003586972	632802	629711
2	219859171	rs113414093	G	A	0.0472	0.0594	0.807	-0.001915372	0.007858865	632802	461255
2	227105921	rs2943650	C	T	0.628	2.16	0.142	-0.005420921	0.003688469	632802	629080
2	228971884	rs13415288	T	C	0.353	10.7	0.0011	-0.012284922	0.00375561	632802	627280
2	234303281	rs838720	C	G	0.38	0.199	0.656	0.001633879	0.003662633	632802	625285
3	9514016	rs3872707	G	A	0.134	2.04	0.153	0.008077318	0.005655254	575705	566974
3	12329783	rs17036160	C	T	0.11	3.49	0.0616	-0.010147677	0.005431927	632802	624605
3	15706124	rs924753	G	A	0.597	0.86	0.354	-0.003369585	0.003633517	632802	629514
3	23457080	rs13094957	T	C	0.221	1.51	0.219	-0.005335712	0.004342141	632802	630730
3	28731810	rs9869477	G	A	0.457	0.596	0.44	0.002750587	0.003562889	632802	628109
3	35670150	rs1470560	G	A	0.36	2.67	0.102	0.0060168	0.003682222	632802	625361
3	47693664	rs62262091	C	T	0.0784	5.32	0.0211	-0.014098219	0.006112353	632802	581538
3	49995518	rs6792892	T	C	0.507	7.36	0.00667	0.009659128	0.003560402	632802	628758
3	53125429	rs62255926	A	T	0.274	3.34	0.0675	-0.007138563	0.003906048	632802	620239
3	54828827	rs76263492	G	T	0.0442	0.00599	0.938	0.000687509	0.008883106	632802	613826
3	63948566	rs13434089	T	C	0.133	3.58	0.0585	-0.010351198	0.005470778	632802	627415
3	64703394	rs66815886	G	T	0.293	2.02	0.155	0.005665173	0.003986002	632802	627962
3	70520917	rs12494424	G	C	0.0414	0.56	0.454	0.006724971	0.008986621	632802	594184
3	71648868	rs853866	T	A	0.402	8.88	0.00288	-0.010751909	0.003608104	632802	621898
3	72803590	rs9814945	C	T	0.259	0.000484	0.982	-9.02E-05	0.004100184	632802	626692
3	77671721	rs2272163	C	A	0.392	0.00252	0.96	-0.000183957	0.003664508	632802	620795
3	86756871	rs6549112	T	G	0.357	0.206	0.65	-0.001677999	0.003697073	632802	611682
3	88130136	rs73146095	C	T	0.0947	5.89	0.0152	-0.013789464	0.00568185	632802	630054
3	93981060	rs978444	G	T	0.578	14.4	0.000145	-0.013619507	0.003589055	628384	624384
3	113288430	rs11929640	G	A	0.269	1.24	0.266	0.004635318	0.004162638	632802	631619
3	115063672	rs7645613	T	C	0.165	0.00676	0.934	-0.000430446	0.00523535	632802	629162
3	121961461	rs13059382	G	T	0.0808	0.0191	0.89	0.000915652	0.006625424	632802	628385
3	123065778	rs11708067	A	G	0.202	0.582	0.446	0.003208241	0.004205382	632802	631046
3	124921457	rs9873519	C	T	0.516	0.231	0.631	-0.001714676	0.0035676	632802	627505
3	129293256	rs2255703	T	C	0.399	0.0287	0.865	0.000621779	0.003670243	632802	625735
3	131750844	rs9857204	G	A	0.302	0.0396	0.842	-0.000762258	0.003830489	632802	630447
3	136069472	rs667920	G	T	0.772	0.723	0.395	0.003614311	0.00425066	632802	628661
3	138055136	rs6766859	C	T	0.61	2.65	0.103	-0.005962335	0.003662633	632802	617295
3	141101839	rs56243018	A	C	0.0394	0.167	0.683	0.003359017	0.008219662	632802	626129
3	149221563	rs28712435	C	T	0.488	0.0509	0.822	-0.000802408	0.00355661	632802	619860
3	150066540	rs62271373	T	A	0.0539	0.057	0.811	-0.001877916	0.007865723	632802	595392
3	152084243	rs7633673	G	A	0.409	3.31	0.0689	-0.006619278	0.003638284	632802	629081
3	168226052	rs13099581	C	T	0.148	0.554	0.457	0.003779876	0.00507835	632802	629242
3	170724883	rs8192675	T	C	0.307	3.62	0.057	0.007469631	0.003925951	632802	632274
3	173107443	rs247975	T	C	0.55	8.74	0.00311	0.01054204	0.003565898	632802	624898
3	173710695	rs59489841	C	T	0.257	5.17E-05	0.994	2.93E-05	0.004078804	632802	627674
3	183738460	rs2872246	A	C	0.569	1.21	0.272	0.003929292	0.003572083	632802	627411
3	184882015	rs61579137	G	A	0.171	0.459	0.498	-0.003373124	0.004978815	632802	628264
3	185534482	rs9859406	G	A	0.324	0.0815	0.775	-0.001097374	0.003843932	632802	628961
3	186665645	rs3887925	C	T	0.533	1.57	0.21	-0.004472486	0.003569433	632802	624388
3	187741842	rs6777684	A	G	0.63	1.28	0.259	-0.004123717	0.003644885	632802	623418
3	195831237	rs9872347	T	C	0.669	1.62	0.203	0.004838859	0.003801767	632802	624908
4	720681	rs73221116	G	A	0.036	0.234	0.629	0.004282406	0.008852786	632802	616549
4	1240299	rs730831	T	G	0.0526	3.83	0.0502	0.017649421	0.009018433	632802	622584
4	1784403	rs56337234	C	T	0.491	2.5	0.114	0.005622593	0.00355604	632802	610705
4	3241845	rs362307	C	T	0.0633	0.00161	0.968	0.000269348	0.006712754	632802	605659
4	6306763	rs10937721	G	C	0.604	2.06	0.151	0.005176803	0.003606849	632802	620177
4	18044357	rs2169033	C	T	0.7	0.375	0.54	0.002353918	0.003843932	632802	627289
4	20265535	rs7664347	T	C	0.653	0.794	0.373	-0.003302289	0.003705995	632802	629995
4	44503503	rs34617913	G	A	0.771	0.0144	0.905	0.000516691	0.004305756	632802	631543
4	45186139	rs10938398	G	A	0.424	0.687	0.407	-0.002980788	0.003596273	632802	625634
4	49067323	rs2605281	A	G	0.713	0.206	0.65	-0.001771082	0.00390216	632802	628509
4	52798624	rs1996617	T	C	0.297	0.148	0.7	0.001504194	0.003909966	632802	630655
4	71835822	rs7674402	G	A	0.0637	4.08	0.0433	-0.018781567	0.009298261	632802	626426
4	76496817	rs6835992	A	G	0.7	0.0111	0.916	-0.000406445	0.003857808	632802	622717
4	77017680	rs4440243	C	T	0.565	0.104	0.747	-0.001151314	0.003570073	632802	625619
4	77533939	rs56281442	A	G	0.374	1.84	0.175	0.004973349	0.003666401	632802	628855
4	83584496	rs993380	A	G	0.638	0.223	0.637	0.001777378	0.003763807	632802	631375
4	89713121	rs9991328	C	T	0.494	1.21	0.272	0.00392372	0.003567018	632802	630005
4	95114572	rs28408270	G	T	0.457	3.58	0.0583	-0.00674045	0.003562439	632802	630801
4	96114385	rs3755879	A	G	0.686	9.19	0.00243	-0.011684309	0.003854298	632802	625155
4	103188709	rs13107325	C	T	0.0654	5.84	0.0156	-0.017540572	0.007258341	632802	624253
4	103895317	rs7659468	T	G	0.504	0.0234	0.878	-0.000544084	0.003556787	632802	630768
4	106048291	rs17035289	T	C	0.187	1.54	0.215	-0.005958218	0.004801269	632802	624442
4	121765788	rs4833687	C	T	0.281	15.9	6.80E-05	-0.015822993	0.003968168	632802	628168
4	129024273	rs4834232	C	T	0.22	0.031	0.86	-0.000749583	0.004257346	632802	630305
4	130786346	rs2952858	A	G	0.694	0.0448	0.832	-0.000843678	0.003986002	632802	627107
4	140906390	rs12505942	T	C	0.327	36.1	1.84E-09	-0.022439509	0.003734735	632802	625692
4	153520475	rs6813195	C	T	0.3	1.85	0.174	-0.005409326	0.003977015	632802	610222
4	156697784	rs2125799	T	C	0.34	1.79	0.181	0.005054527	0.003777931	632802	615485
4	157652753	rs28819812	C	A	0.336	0.526	0.468	-0.002900274	0.003998951	575705	572235
4	185716100	rs55691245	G	A	0.133	1.42	0.234	-0.00610537	0.005123513	632802	628451
4	186580062	rs35901985	A	G	0.171	5.6	0.0179	-0.011173771	0.00472178	632802	592207
5	36084426	rs114136102	T	C	0.0355	2.62	0.105	0.01452908	0.008976096	632802	619327
5	44644006	rs4479849	G	A	0.41	2.34	0.126	-0.005560616	0.003635089	632802	621013
5	46204748	rs8188241	A	G	0.605	3.62	0.0571	0.006901425	0.003627309	628384	603813
5	50145266	rs152839	C	T	0.411	6.05	0.0139	-0.008842967	0.003595177	632802	618967
5	51763665	rs12187734	C	T	0.467	17	3.71E-05	-0.014670649	0.003558155	632802	626176
5	53272664	rs4865796	G	A	0.703	0.436	0.509	-0.002535914	0.003840531	632802	630379
5	54986775	rs6897117	T	C	0.706	0.113	0.737	-0.001305346	0.003883171	632802	632243
5	55807370	rs464605	C	T	0.729	8.1	0.00442	0.011564098	0.00406321	632802	631214
5	58132702	rs2662390	T	C	0.846	0.19	0.663	0.002108453	0.004837123	632802	630444
5	67714246	rs4976033	A	G	0.426	0.0163	0.898	0.000462738	0.003624444	632802	612629
5	76435004	rs7732130	G	A	0.713	6.6	0.0102	-0.009938374	0.003868507	632802	622349
5	78546293	rs2591392	G	A	0.379	2.47	0.116	-0.005747614	0.003657119	632802	630861
5	87102981	rs73167517	G	T	0.0877	3.96	0.0467	0.012386783	0.006224593	632802	622050
5	87697533	rs6870983	C	T	0.235	9.47	0.00209	-0.013503125	0.004387926	632802	628091
5	95850250	rs261967	A	C	0.411	2.29	0.13	0.005471966	0.003615977	632802	628565
5	102586407	rs75432112	G	A	0.0362	0.209	0.647	0.00374693	0.008196009	632802	595610
5	122650885	rs144052331	T	C	0.034	0.397	0.529	-0.006403323	0.010162724	632802	607272
5	133861663	rs329118	C	T	0.425	13.8	0.000207	-0.013359562	0.003596273	632802	627946
5	137431501	rs217256	C	T	0.514	2.95	0.0859	0.006140938	0.003575392	628384	623881
5	151324600	rs302395	T	G	0.349	0.832	0.362	0.003390977	0.003717605	632802	628458
5	158029734	rs1650505	G	A	0.207	6.1	0.0135	-0.010856807	0.004395793	632802	624154
5	170683134	rs2913873	A	G	0.152	11.9	0.000572	-0.016857414	0.00488672	632802	627635
5	176679407	rs4343858	G	A	0.21	0.0146	0.904	-0.000521131	0.004312909	632802	623595
5	180226516	rs6885157	G	T	0.153	0.024	0.877	-0.000856867	0.005531053	632802	594076
6	7231843	rs9379084	G	A	0.12	0.96	0.327	0.005589392	0.00570465	632802	590169
6	15475051	rs727734	T	A	0.776	0.0224	0.881	0.000619511	0.004139284	632802	630714
6	19751516	rs10806906	C	T	0.52	11.4	0.000745	-0.012007943	0.003556446	632802	622153
6	20688121	rs10440833	T	A	0.282	0.207	0.649	0.001839448	0.004042986	632802	629349
6	26211146	rs9358912	G	T	0.301	10.8	0.00102	-0.013072077	0.003977706	628384	620814
6	29816421	rs2394186	A	G	0.159	1.02	0.313	0.005061741	0.00501187	561668	542060
6	31134888	rs3130931	T	C	0.72	2.69	0.101	-0.006309981	0.003847263	628384	613997
6	32138545	rs3130283	A	C	0.875	0.129	0.719	-0.001898082	0.005284697	561668	555460
6	33552707	rs75080135	A	C	0.195	0.673	0.412	-0.00372518	0.004540877	632802	626743
6	35259397	rs33959228	C	T	0.0179	3.26	0.0709	0.021504568	0.011910279	632802	600482
6	36911274	rs72846863	G	A	0.149	0.587	0.444	0.003890825	0.00507835	632802	615125
6	39282371	rs34247110	G	A	0.528	0.00239	0.961	0.000173846	0.00355604	632802	626656
6	40409243	rs34298980	T	C	0.499	7.38E-05	0.993	-3.05E-05	0.003555613	632802	566263
6	41864441	rs2031847	G	C	0.0198	0.0669	0.796	0.003184781	0.012313074	632802	619602
6	43813711	rs9472139	G	C	0.278	0.613	0.434	-0.00306749	0.003917896	632802	629652
6	50788778	rs3798519	A	C	0.178	0.0562	0.813	-0.001094632	0.004617425	632802	623897
6	51413013	rs16881572	G	A	0.0272	4.32	0.0378	0.022675254	0.010909637	632802	627518
6	53789830	rs9370243	G	T	0.0882	0.105	0.746	0.00214312	0.006613811	632802	623935
6	64163807	rs9449295	T	C	0.543	0.371	0.542	0.00217338	0.003568196	632802	628263
6	107445266	rs7752666	C	T	0.305	1.37	0.242	0.004442708	0.003795662	632802	605955
6	111738793	rs55812705	T	C	0.246	20.8	5.22E-06	-0.018957599	0.004156729	632802	630733
6	117996631	rs80196932	T	C	0.161	0.741	0.389	-0.004239793	0.004925332	632802	620881
6	126061502	rs7758115	G	A	0.499	0.882	0.348	-0.003340352	0.003556787	632802	628866
6	126792095	rs11759026	A	G	0.243	9.83	0.00172	-0.013265173	0.004230933	632802	617694
6	127412728	rs12192275	G	A	0.216	0.252	0.615	-0.002083719	0.004150867	632802	631439
6	130265266	rs35164294	G	T	0.0705	1.68	0.195	-0.009073279	0.007000186	632802	585866
6	131926334	rs2608953	C	T	0.158	2.85	0.0912	0.008008656	0.004743918	632802	629531
6	138864489	rs7742292	T	C	0.453	9.48	0.00208	0.011173253	0.003628904	632802	627476
6	139837128	rs11155073	T	C	0.578	1.8	0.18	0.004844213	0.003610663	632802	631548
6	143056556	rs9390022	T	C	0.374	0.305	0.581	-0.002028035	0.003672192	632802	627310
6	153440770	rs7758002	G	T	0.432	7.06	0.00787	0.009600744	0.003613287	632802	630629
6	160770918	rs501470	T	G	0.486	0.711	0.399	0.003000746	0.003558725	632802	630339
6	164133001	rs4709746	C	T	0.13	0.36	0.548	-0.00314121	0.00523535	632802	614415
7	4683572	rs62452060	G	A	0.141	1.07	0.302	-0.005364715	0.005186266	632802	614429
7	12269593	rs13237518	C	A	0.427	10.3	0.00134	0.012148972	0.00378548	575705	574717
7	13886654	rs7787720	C	T	0.443	0.722	0.395	-0.003039647	0.003577294	632802	627349
7	15926228	rs38221	T	C	0.763	0.139	0.709	0.001526643	0.004094775	632802	619469
7	18331915	rs583769	G	A	0.262	0.858	0.354	-0.003818377	0.004122257	632802	628736
7	23884697	rs2188848	A	G	0.203	0.626	0.429	-0.003543335	0.004478422	632802	629549
7	28194397	rs860262	C	A	0.481	1.01	0.315	0.003574348	0.00355661	632802	627079
7	30728452	rs917195	C	T	0.241	0.0569	0.811	-0.001004645	0.004211691	632802	611251
7	36742886	rs6978327	C	T	0.563	0.205	0.651	-0.001620424	0.003578917	632802	625276
7	40816653	rs17439448	C	T	0.121	0.488	0.485	-0.003878251	0.005551699	632802	626583
7	44223721	rs730497	G	A	0.17	1.2	0.273	0.005435533	0.00496194	575705	573470
7	45116468	rs3735491	C	A	0.273	4.45	0.035	0.008437478	0.003999748	632802	628498
7	48839003	rs12539264	A	G	0.273	0.639	0.424	-0.003172054	0.003968168	632802	623252
7	50577968	rs73121277	T	C	0.281	0.0356	0.85	0.000750382	0.003977015	632802	626341
7	55802063	rs6972291	T	C	0.228	0.64	0.424	0.00373466	0.004668326	632802	614725
7	69649683	rs6975279	C	A	0.27	33	9.39E-09	-0.023370988	0.004068367	632802	632337
7	74076493	rs13238568	A	G	0.377	0.0668	0.796	-0.000947118	0.003664508	632802	622215
7	77047102	rs12669521	A	G	0.303	0.688	0.407	-0.003136035	0.003780826	632802	618556
7	89803634	rs6956980	T	C	0.512	0.321	0.571	0.002018885	0.003563355	632802	631567
7	93118736	rs10262104	C	T	0.508	0.996	0.318	0.003548921	0.00355604	632802	628678
7	100313420	rs506597	A	G	0.89	0.0956	0.757	0.001716544	0.005551699	632802	631031
7	102976385	rs187653072	T	C	0.0261	0.226	0.634	0.004899333	0.010305825	632802	608557
7	104516274	rs73184014	A	G	0.211	0.6	0.439	0.003335225	0.004305756	632802	613788
7	117495667	rs6976111	C	A	0.279	43.6	3.99E-11	0.026731044	0.0040483	575705	561165
7	131574608	rs12667919	A	C	0.756	2.42	0.119	0.006503577	0.004180658	632802	630740
7	140522073	rs60251368	A	G	0.0554	5.59	0.0181	0.017685157	0.007480024	632802	578736
7	142607301	rs4252505	A	G	0.0831	1.23	0.267	-0.007918979	0.007140303	632802	630229
7	147658539	rs1922879	G	A	0.319	1.75	0.185	0.004979049	0.003763807	632802	629816
7	148429806	rs243513	G	A	0.294	6.97	0.00827	-0.010261735	0.003886909	632802	629128
7	149238823	rs62490267	T	C	0.289	4.06	0.0439	0.007794825	0.003868507	632802	620802
7	150537635	rs62492368	G	A	0.334	0.0163	0.898	0.000491639	0.003850815	632802	620328
7	156948648	rs6946660	T	C	0.371	1.54	0.215	-0.004657255	0.003752923	632802	629642
8	11069960	rs2409742	C	T	0.479	13.1	0.000299	-0.012920032	0.003569669	628384	620440
8	12643055	rs12056338	G	T	0.4	4.71	0.03	-0.007830501	0.003608104	632802	620922
8	14148990	rs35753840	A	C	0.351	0.935	0.334	-0.003541598	0.003662633	632802	623342
8	19830921	rs10096633	C	T	0.144	1.35	0.245	-0.006379498	0.005490598	632802	631349
8	22492103	rs6558173	G	T	0.358	1.67	0.196	-0.004813527	0.003724819	632802	628901
8	25871721	rs11998023	T	G	0.178	3.55	0.0595	-0.008454346	0.004487101	632802	627792
8	28095939	rs11994255	C	T	0.271	4.64	0.0312	0.008547696	0.003968168	632802	627733
8	30852826	rs2725370	T	C	0.715	6.25	0.0124	-0.009717273	0.003886909	632802	626675
8	34502571	rs4463416	A	C	0.255	0.759	0.384	0.00355808	0.004084085	632802	631294
8	36858483	rs13365225	A	G	0.182	0.0375	0.846	0.000934366	0.004825047	632802	628050
8	37397803	rs12680217	T	C	0.0784	6.83E-05	0.993	6.54E-05	0.007910322	575705	540921
8	41508577	rs13262861	C	A	0.18	0.213	0.644	-0.002194596	0.004755156	632802	613323
8	57496064	rs3887059	G	A	0.251	0.583	0.445	-0.003090814	0.004047982	632802	625245
8	72407374	rs10101067	G	C	0.0679	0.427	0.513	-0.004418689	0.006762067	632802	624143
8	74568099	rs28792187	A	G	0.0716	3.43	0.064	0.013242568	0.007150315	632802	630303
8	95967372	rs10808671	A	G	0.537	0.186	0.666	-0.00153433	0.003557642	632802	630229
8	97138738	rs510062	A	G	0.402	0.0156	0.9	0.000450341	0.00360561	632802	628363
8	103876325	rs2679745	G	A	0.187	2.07	0.15	0.006587211	0.004578428	632802	631370
8	105662373	rs112515915	A	G	0.0679	0.712	0.399	-0.00589497	0.00698621	632802	627450
8	116565365	rs3802219	T	C	0.593	3.26	0.0711	0.00647472	0.003586016	632802	630374
8	118184783	rs13266634	C	T	0.306	1.89	0.169	-0.005257029	0.003823926	632802	628859
8	128711742	rs17772814	G	A	0.0683	1.08	0.298	0.006656883	0.006405589	632802	553425
8	129568078	rs1561927	C	T	0.725	0.0827	0.774	-0.001150232	0.003999748	632802	623038
8	135775546	rs4294149	C	T	0.398	0.197	0.657	0.001629891	0.003672192	632802	627512
8	145525277	rs13268508	C	T	0.364	0.646	0.422	0.002973259	0.003699274	632802	619014
9	1033773	rs1567353	C	G	0.326	2.44	0.118	0.005999101	0.003840531	632802	624170
9	3249708	rs75619936	C	G	0.111	0.0496	0.824	0.001286175	0.005775098	632802	627132
9	8290816	rs10758950	T	A	0.193	27.6	1.47E-07	0.024580438	0.004678806	632802	628420
9	14141703	rs73642097	A	G	0.152	6.32	0.0119	0.012804181	0.00509323	632802	626528
9	19074538	rs12380322	A	G	0.394	0.792	0.374	0.003235025	0.003635089	632802	626241
9	20790622	rs2150999	T	C	0.618	0.0138	0.906	0.000430044	0.003660777	632802	626520
9	22134094	rs10811661	T	C	0.175	0.000188	0.989	6.46E-05	0.004710876	632802	629051
9	23358495	rs7029718	G	A	0.406	0.0905	0.764	-0.001086204	0.003610663	632802	627517
9	28410683	rs1412234	T	C	0.292	0.0705	0.791	0.001010259	0.003804857	632802	621434
9	29089437	rs13288108	C	A	0.173	2.9	0.0888	-0.008059657	0.004732794	632802	629935
9	34074476	rs12001437	T	C	0.392	0.562	0.453	0.002757388	0.003678153	632802	624665
9	35749014	rs1570247	G	A	0.414	0.742	0.389	0.003101721	0.003600814	632802	628996
9	81344701	rs1929883	G	A	0.424	4.07	0.0437	-0.00726674	0.003601989	632802	618081
9	81907986	rs67269808	A	G	0.0638	0.421	0.517	0.004747687	0.007317134	632802	625762
9	84308948	rs2796441	G	A	0.395	2.14	0.144	-0.005283853	0.003611967	632802	626178
9	85312075	rs654629	G	C	0.376	3.85	0.0498	-0.007155105	0.003646579	632802	631321
9	96915002	rs10993072	C	T	0.31	0.0891	0.765	-0.001136665	0.003807971	632802	627579
9	97795421	rs6479591	G	A	0.868	1.72	0.189	0.007336282	0.005593863	632802	631330
9	111938268	rs10119430	G	A	0.799	1.52	0.218	-0.005381207	0.004364735	632802	627220
9	116943357	rs1431819	A	G	0.689	2	0.157	0.005486387	0.003879461	632802	621621
9	119252277	rs1885234	T	G	0.394	3.3	0.0694	-0.006539099	0.003599655	632802	627894
9	125689694	rs10818763	C	T	0.15	0.0349	0.852	0.000981176	0.005252115	632802	628602
9	133786652	rs6597649	C	T	0.413	1.22	0.269	0.003997021	0.003618733	632802	623253
9	136149500	rs529565	T	C	0.341	5.73E-05	0.994	3.00E-05	0.003957835	575705	571390
9	136890704	rs379417	G	A	0.3	3.24	0.0718	0.007182987	0.003990548	632802	621972
9	139248082	rs28642213	A	G	0.745	2.17	0.14	0.006008454	0.004078804	632802	606890
10	12307894	rs11257655	C	T	0.22	0.0782	0.78	-0.001218442	0.004357138	632802	628367
10	13540869	rs11258422	A	C	0.363	4.11	0.0425	0.007602949	0.003750258	632802	628014
10	33997227	rs71495046	A	C	0.0897	0.774	0.379	0.005620318	0.006388376	632802	630027
10	44027356	rs3122231	T	C	0.678	0.182	0.669	-0.001599915	0.003750258	632802	630302
10	63717113	rs146716733	C	T	0.0519	0.43	0.512	0.005212877	0.007949563	632802	625447
10	64970928	rs111765639	G	A	0.0273	0.236	0.627	0.005087517	0.010472487	632802	621580
10	70382179	rs10998338	A	G	0.544	6.07	0.0138	-0.008798987	0.003571399	632802	624438
10	71321279	rs177045	A	G	0.346	2.66	0.103	-0.00628617	0.003854298	632802	619466
10	72648336	rs827237	C	T	0.205	2.54	0.111	-0.007044023	0.004419813	632802	616637
10	75598099	rs2633311	C	T	0.442	2.43	0.119	-0.005584323	0.003582345	632802	628379
10	77244336	rs3012060	T	A	0.886	0.0206	0.886	-0.000796819	0.005551699	632802	630456
10	80947438	rs697239	T	C	0.444	0.599	0.439	0.00275983	0.003565898	632802	629886
10	88117318	rs11201992	C	A	0.486	0.0466	0.829	0.0007704	0.003568807	632802	629712
10	89722731	rs36062478	T	C	0.123	6.81	0.00905	0.013176121	0.005049101	632802	628429
10	94462882	rs1111875	C	T	0.425	1.01	0.314	0.003624839	0.003606849	632802	631503
10	99091369	rs945187	G	A	0.6	0.495	0.482	-0.002545029	0.003617347	632802	625822
10	100421841	rs524903	A	G	0.829	0.0207	0.886	0.000690782	0.004801269	632802	627205
10	101912194	rs1408579	C	T	0.446	2.3	0.129	-0.005393185	0.003556161	632802	631976
10	103065789	rs620191	G	T	0.293	0.0154	0.901	-0.000526663	0.004243972	575705	571308
10	104563743	rs2482506	C	G	0.259	24.5	7.55E-07	-0.020163117	0.004073565	632802	628688
10	112678657	rs7895872	G	T	0.745	2.24	0.135	-0.006120466	0.004089409	632802	630221
10	114749734	rs35011184	G	A	0.235	3.92	0.0477	0.008415878	0.00425066	632802	618677
10	121660400	rs11199116	A	C	0.216	4	0.0456	-0.008823471	0.004411735	632802	624415
10	122930568	rs7071036	T	C	0.0355	0.515	0.473	0.00877606	0.012229142	632802	625480
10	124193181	rs2280141	T	G	0.5	0.377	0.539	0.002184719	0.003558155	632802	629398
10	125226178	rs705145	C	A	0.354	3.65	0.0561	-0.007116257	0.003724819	632802	630106
11	2197286	rs4929965	A	G	0.638	1.08	0.298	0.003810236	0.003666401	632802	613227
11	2858546	rs2237897	C	T	0.0534	8.6	0.00336	0.025337727	0.008640093	632802	621791
11	8677063	rs7941510	C	A	0.307	0.622	0.43	-0.003150838	0.00399513	632802	629118
11	9856015	rs76789970	C	T	0.105	0.932	0.334	0.005552281	0.005751266	632802	628844
11	13340710	rs10766076	T	A	0.251	6.24	0.0125	0.010202042	0.004084085	632802	627971
11	14518419	rs117316450	C	G	0.018	0.588	0.443	-0.010063476	0.013123793	632802	607197
11	17418477	rs757110	C	A	0.63	5.75	0.0165	0.008829658	0.003682222	632802	630693
11	20952237	rs16907058	G	A	0.0444	0.19	0.663	0.003548869	0.008141663	632802	628244
11	27686196	rs10767659	G	T	0.675	31.3	2.21E-08	-0.021057149	0.003763807	632802	626581
11	30620262	rs10835690	T	A	0.188	0.00672	0.935	-0.000374539	0.004568908	632802	609795
11	32956492	rs62618693	C	T	0.0373	21.8	2.99E-06	-0.040604253	0.008696476	632802	615953
11	34908780	rs2956092	T	C	0.675	1.03	0.31	-0.003918839	0.003861346	632802	631863
11	43878459	rs35251247	G	A	0.308	0.0053	0.942	-0.00028611	0.003930025	632802	622968
11	45858584	rs12419690	G	A	0.537	0.0555	0.814	0.000842944	0.003578098	632802	630140
11	48489360	rs149027146	A	T	0.0581	2.11	0.146	0.010542139	0.007257508	628384	610521
11	50110597	rs11561066	T	C	0.0858	5.33	0.021	0.014457455	0.006262219	628384	623515
11	55588216	rs116861182	A	C	0.0496	1.42	0.233	0.009051295	0.007595678	628384	600096
11	58128015	rs7483027	T	C	0.362	0.145	0.703	-0.001396852	0.003668313	632802	632537
11	61565908	rs174541	T	C	0.349	0.618	0.432	-0.002901283	0.003690591	632802	629572
11	64100776	rs1662185	A	G	0.671	6.58	0.0103	-0.009999734	0.003898302	632802	623894
11	65326154	rs12789028	G	A	0.179	6.25	0.0124	0.011352193	0.004540877	632802	627431
11	69463273	rs3918298	G	A	0.0377	5.24	0.0221	-0.025572935	0.011171588	632802	599193
11	72460762	rs11602873	A	T	0.149	2.96	0.0854	0.008301325	0.004825047	632802	625399
11	76230357	rs2513505	C	A	0.584	4.48	0.0344	-0.007659414	0.003618733	632802	630495
11	92708710	rs10830963	C	G	0.271	0.0031	0.956	-0.000222184	0.003990548	632802	623895
11	95710493	rs7130522	A	C	0.312	2.22	0.136	0.005867892	0.003938271	632802	625617
11	117693255	rs529623	T	C	0.528	0.464	0.496	-0.002424544	0.003559353	632802	622640
11	118953202	rs7127212	C	T	0.401	0.214	0.644	-0.001677353	0.003625914	632802	630863
11	128234144	rs10750397	A	G	0.719	11.8	0.000603	0.013586402	0.003955155	632802	628414
12	4384844	rs76895963	T	G	0.0174	2.21	0.137	0.018924111	0.012729734	632802	506434
12	6691452	rs7316626	G	A	0.158	3.68	0.0551	0.00921043	0.004801269	632802	625122
12	12871099	rs2066827	T	G	0.243	2.2	0.138	0.006246947	0.004211691	632802	585103
12	20591332	rs7134150	G	A	0.0751	0.153	0.696	0.002839115	0.007258341	632802	616976
12	21843576	rs11046164	C	T	0.26	1.53	0.217	-0.004982648	0.004028232	632802	627553
12	26463174	rs11048457	G	A	0.733	1.11	0.293	0.004280857	0.00406321	632802	622599
12	27963676	rs3751239	C	G	0.196	0.0115	0.915	0.000479335	0.004469822	632802	631066
12	33410855	rs10844519	T	G	0.316	1.18	0.278	0.004296398	0.003955155	632802	623312
12	41863393	rs2730827	C	T	0.471	0.328	0.567	-0.00203765	0.003557891	632802	628122
12	43046449	rs11181613	C	A	0.142	0.00215	0.963	-0.000234791	0.005063641	632802	626263
12	45868623	rs2408252	T	C	0.544	0.354	0.552	-0.002148269	0.003610663	632802	629813
12	50263148	rs7132908	G	A	0.367	1.25	0.264	-0.004086769	0.003655318	632802	628740
12	54429385	rs12422600	G	A	0.358	0.102	0.749	0.001175355	0.003680178	632802	623178
12	57146069	rs2277339	T	G	0.107	0.00172	0.967	-0.000243617	0.00587412	632802	623989
12	61250814	rs11173646	A	T	0.797	5.2	0.0226	-0.011063015	0.004851453	575705	573221
12	66216162	rs2257883	G	A	0.169	3.46	0.063	0.009801072	0.005269089	632802	626001
12	71520761	rs10879261	T	G	0.394	3.06	0.0804	-0.006330197	0.003618733	632802	627845
12	81309262	rs11114650	G	C	0.0322	0.0803	0.777	0.004560125	0.016092333	575705	552053
12	95928113	rs11108094	C	A	0.0628	0.164	0.685	-0.002879551	0.007110544	632802	621823
12	97849120	rs6538805	T	C	0.427	0.33	0.566	0.002086403	0.003631962	632802	622014
12	106288445	rs12825669	G	A	0.359	0.203	0.652	0.001661859	0.003688469	632802	626307
12	108629780	rs1426371	G	A	0.271	13.1	0.000298	-0.014687833	0.004058094	632802	612693
12	117723613	rs884847	A	G	0.791	0.0312	0.86	-0.000782134	0.004427963	632802	623392
12	118406696	rs79310463	C	T	0.141	2.19	0.138	0.007651339	0.005170296	632802	618025
12	121432117	rs56348580	G	C	0.309	7.71	0.00548	-0.010711932	0.003857808	632802	625434
12	123736084	rs10773000	G	T	0.342	2.26	0.133	-0.005649994	0.00375832	632802	621508
12	124428331	rs4930726	T	C	0.345	1.19	0.275	-0.00410886	0.003766586	632802	631690
12	132544643	rs11830241	C	T	0.0901	0.00359	0.952	-0.000406665	0.006787189	632802	621951
12	133070294	rs11614914	C	T	0.308	0.381	0.537	-0.002326662	0.003769387	632802	619441
12	133730500	rs7970687	C	T	0.547	0.0718	0.789	-0.000960148	0.00358324	632802	623710
13	23309382	rs314879	C	T	0.796	0.0388	0.844	-0.000852399	0.0043274	632802	611388
13	26776999	rs34584161	A	G	0.235	0.0733	0.787	0.001130231	0.004174602	632802	624149
13	31017268	rs12856169	G	A	0.246	10.2	0.00137	-0.012880725	0.004033111	632802	620583
13	33557644	rs57286125	G	C	0.171	0.00883	0.925	0.000450066	0.004789563	632802	628686
13	41688401	rs4397977	A	G	0.64	3.93	0.0475	0.007424165	0.003744996	632802	612997
13	46514492	rs6561273	C	G	0.389	1.86	0.173	-0.004985188	0.003655318	632802	612697
13	51094114	rs9316500	T	G	0.29	0.113	0.737	-0.001323868	0.003938271	632802	632499
13	54107583	rs9568868	G	T	0.131	3.75	0.0528	-0.010304656	0.005321301	632802	618092
13	58691107	rs7991679	T	A	0.166	2.63	0.105	0.007693343	0.004743918	632802	618021
13	66204880	rs9564268	T	C	0.616	1.14	0.286	0.003897156	0.003650021	632802	625731
13	80705315	rs11616380	G	T	0.275	0.827	0.363	-0.003585239	0.003942443	632802	625848
13	91949562	rs9515905	A	G	0.261	0.0193	0.89	-0.000565918	0.004073565	632802	629811
13	97176585	rs61967710	G	A	0.0342	4.96	0.0259	0.02284437	0.010257425	632802	617405
13	109946882	rs9587811	C	A	0.413	0.0931	0.76	-0.001102094	0.003611967	632802	630208
13	112187882	rs9560114	A	T	0.255	4.5	0.034	0.008608517	0.004058094	632802	618091
14	25947436	rs11159347	C	T	0.66	0.0869	0.768	-0.001123251	0.003810367	630973	627954
14	30086481	rs12433335	T	C	0.593	0.939	0.333	0.003509029	0.003621214	630973	627790
14	33303540	rs12883788	C	T	0.458	7.93	0.00485	0.010057762	0.003571616	630973	619027
14	35409701	rs712315	A	T	0.835	1.55	0.212	-0.006224687	0.004999789	630973	619716
14	38804675	rs7147483	T	C	0.263	1.73	0.188	0.005358851	0.004074259	630973	627208
14	47304091	rs723355	G	A	0.474	3.19	0.0742	-0.006360706	0.003561312	630973	625864
14	58732748	rs12892257	G	A	0.591	17.5	2.86E-05	-0.015110386	0.003612073	630973	622339
14	61229411	rs4902002	G	A	0.704	0.0326	0.857	-0.000711355	0.00393983	630973	624016
14	69459229	rs242105	A	C	0.298	1.78	0.183	0.005267493	0.003948153	630973	620380
14	77300863	rs2056857	C	T	0.397	0.706	0.401	0.003037127	0.003614603	630973	623853
14	79942647	rs7156625	G	A	0.206	5.71	0.0168	-0.010320884	0.004319156	630973	626343
14	91963722	rs8010382	A	G	0.428	1.13	0.288	-0.003829611	0.003602595	630973	606497
14	94039845	rs11848361	G	A	0.0819	6.2	0.0128	-0.015624248	0.006274849	630973	622042
14	101258584	rs112324411	C	T	0.0632	0.00399	0.95	0.000471644	0.007466684	573876	498721
14	103376031	rs4906272	C	T	0.189	8.91	0.00284	0.014459542	0.004844129	630973	628449
14	103960026	rs56365443	A	G	0.352	13.5	0.000236	-0.013751484	0.00374268	630973	626474
15	38828140	rs8043085	G	T	0.246	10.8	0.00102	0.013947304	0.00424403	632802	621213
15	39712286	rs148106383	C	T	0.0236	0.0317	0.859	-0.002011781	0.011299286	632802	566895
15	40634717	rs4923864	G	A	0.0934	0.105	0.746	-0.002276372	0.007025036	575705	547896
15	41801512	rs2289739	G	T	0.342	3.39	0.0656	0.006853653	0.003722393	632802	619065
15	43895118	rs2447198	T	C	0.116	2.03	0.154	-0.008763796	0.006150979	632802	628029
15	49794020	rs7169799	T	C	0.472	1.01	0.314	0.003576783	0.003559032	632802	625294
15	52587740	rs149336329	G	T	0.0328	0.0119	0.913	0.00093255	0.008548669	632802	620826
15	57369850	rs28490139	G	A	0.181	1.39	0.238	0.005731812	0.004861659	632802	629186
15	58676821	rs11858759	G	A	0.292	1.02	0.312	-0.003910659	0.00387213	632802	625708
15	62391608	rs7163757	C	T	0.437	0.537	0.464	0.002625152	0.003582345	632802	629872
15	63871292	rs7178762	C	T	0.527	0.404	0.525	0.002266179	0.00356536	632802	629237
15	74328576	rs9479	A	G	0.513	2.45	0.118	-0.005565772	0.003555841	632802	627246
15	75814388	rs6495182	C	T	0.266	0.0492	0.824	0.000927315	0.004180658	632802	631418
15	77782335	rs12910361	A	G	0.689	4.16	0.0414	-0.007990971	0.003917896	632802	629803
15	83461873	rs36111056	G	A	0.2	1.95	0.163	-0.006095021	0.004364735	632802	625434
15	84547222	rs1812707	C	T	0.531	0.0658	0.798	-0.000912063	0.003555592	632802	629177
15	90381278	rs893617	C	T	0.724	0.282	0.596	-0.002098065	0.003950884	632802	628967
15	91512067	rs2290203	G	A	0.218	3.16	0.0753	0.007900683	0.004444481	632802	627905
15	93925327	rs4777857	G	A	0.595	0.916	0.339	-0.003514578	0.003672192	632802	619672
15	99276521	rs59646751	G	T	0.306	5.17	0.0229	0.008740192	0.003843932	632802	624958
16	300388	rs55857387	T	C	0.208	0.0865	0.769	-0.001335512	0.004540877	632802	623474
16	967241	rs12918782	A	G	0.189	2.25	0.134	0.007219644	0.004813096	632802	627471
16	3656482	rs8061528	C	T	0.199	8.3	0.00396	-0.012780525	0.004436185	632802	623398
16	15153717	rs9927842	T	C	0.841	0.207	0.649	-0.002290661	0.005034725	632802	628793
16	28897452	rs8056890	G	A	0.346	1.76	0.185	-0.004916558	0.003705995	632802	626940
16	29958216	rs8054556	G	A	0.436	9.21	0.00241	0.010821782	0.003565898	632802	625093
16	53800954	rs1421085	T	C	0.4	3.52	0.0606	0.006789345	0.003618733	632802	629793
16	54387084	rs2216063	G	A	0.893	0.593	0.441	-0.004484745	0.005823853	632802	625273
16	56459589	rs111283203	G	C	0.183	2.07	0.15	0.00682531	0.004743918	632802	626744
16	69666683	rs244415	G	A	0.407	14	0.000188	-0.013509865	0.003610663	632802	627590
16	70660243	rs13330163	A	G	0.439	1.73	0.189	0.004705195	0.003577294	632802	626338
16	71634811	rs4788815	A	T	0.657	1.18	0.278	-0.004076718	0.003752923	632802	626961
16	73098091	rs1075855	G	C	0.741	4.88	0.0272	-0.008920298	0.004038029	632802	604958
16	75246035	rs72802365	G	C	0.0746	0.0721	0.788	-0.001801382	0.006708699	632802	626370
16	81533789	rs56823429	C	A	0.714	0.502	0.479	0.002762023	0.003898302	632802	624025
16	85716463	rs11646052	A	G	0.37	0.446	0.504	0.002421502	0.003625914	632802	619902
16	87856424	rs4384608	C	T	0.563	1.99	0.158	-0.005039044	0.003572083	632802	617037
16	88554480	rs9937296	T	C	0.844	4.07	0.0435	-0.010072108	0.004992558	632802	562041
16	89630630	rs12932337	C	T	0.175	7.2	0.00727	0.012285212	0.004578428	632802	628108
17	481604	rs11870735	C	T	0.17	0.0608	0.805	-0.001156294	0.004689391	632802	622187
17	3988451	rs8071043	T	C	0.336	4.1	0.0428	-0.007685629	0.003795662	632802	623646
17	4854480	rs366577	C	T	0.556	2.66	0.103	-0.005888814	0.003610663	632802	628717
17	7531965	rs858519	T	C	0.573	2.37	0.123	0.005509673	0.003578917	632802	625687
17	9787845	rs17810376	A	G	0.289	0.00607	0.938	-0.000295486	0.003792646	632802	630196
17	21284910	rs117642733	C	T	0.0417	0.00948	0.922	0.000843062	0.008658757	632802	532607
17	27570622	rs9913225	G	A	0.601	4.77	0.029	0.007874772	0.00360561	632802	626611
17	29628549	rs2040792	C	A	0.609	1	0.317	0.003643209	0.003643209	632802	631206
17	34862220	rs1109442	T	C	0.458	5	0.0254	0.007967903	0.003563355	632802	628301
17	36099840	rs11651755	C	T	0.514	0.537	0.464	0.002608069	0.003559032	632802	621763
17	37746307	rs11078916	T	C	0.69	15.5	8.41E-05	-0.015588404	0.003959459	632802	623887
17	40706273	rs676387	C	A	0.273	0.00576	0.939	-0.000315744	0.004160294	575705	571147
17	41456413	rs56799554	A	G	0.183	7.65	0.00567	0.013152112	0.004755156	632802	613643
17	46178674	rs3744347	G	A	0.776	0.0866	0.769	0.001293589	0.004395793	632802	630884
17	47060322	rs35895680	C	A	0.304	4.41	0.0357	-0.008037108	0.003827194	632802	615119
17	61565025	rs4335	G	A	0.467	1.38	0.241	0.004180556	0.003558725	632802	630008
17	62203059	rs57767539	G	A	0.0677	0.802	0.371	0.006476693	0.007232129	632802	595116
17	65825248	rs12603589	T	C	0.213	7.04	0.00795	0.012023976	0.004531706	632802	624944
17	70645032	rs61736066	G	A	0.083	0.268	0.605	-0.00330718	0.006388376	632802	625717
17	76772288	rs7224711	C	T	0.529	3.87	0.0491	0.007005653	0.003561173	632802	629347
17	78757626	rs11150745	A	G	0.301	0.847	0.357	-0.003516275	0.003820684	632802	623045
18	4845027	rs9958640	A	G	0.688	0.247	0.619	0.001912103	0.00384736	632802	593324
18	7070642	rs7240767	T	C	0.387	0.246	0.62	0.001814775	0.003658939	632802	627383
18	21083738	rs303760	C	T	0.341	5.16	0.0232	-0.008483686	0.003734735	632802	622743
18	31582890	rs17747955	T	C	0.471	1.31	0.253	-0.004070213	0.003556161	632802	629413
18	36746623	rs7227272	G	A	0.0983	12.3	0.000462	-0.021145109	0.006029168	632802	625372
18	40066006	rs410150	C	T	0.785	0.119	0.73	-0.001516389	0.004395793	632802	630996
18	53050646	rs72926932	A	C	0.0759	13.9	0.000192	-0.024144555	0.006476074	632802	631132
18	54578482	rs10048404	C	T	0.357	2.74	0.0978	0.006098577	0.003684285	632802	619032
18	56879827	rs9319943	T	C	0.207	0.7	0.403	0.003739721	0.004469822	632802	627072
18	57829135	rs6567160	T	C	0.225	0.323	0.57	0.002382965	0.004192919	632802	630772
18	60845884	rs12454712	T	C	0.375	0.0922	0.761	0.001111575	0.003660777	632802	604378
18	63426979	rs2032217	G	A	0.322	7.48	0.00624	0.01075969	0.003934132	632802	629102
18	74558999	rs6565922	C	T	0.393	0.341	0.559	-0.002135582	0.003657119	632802	625463
19	1646712	rs4807125	C	T	0.14	0.67	0.413	0.0041211	0.005034725	632802	582601
19	4967739	rs12185519	C	T	0.197	9.26	0.00234	0.013352568	0.004387926	632802	619976
19	7240848	rs75253922	T	C	0.185	1.03	0.309	-0.00459918	0.004531706	632802	620234
19	7968168	rs2115107	G	A	0.404	0.281	0.596	0.001940557	0.003660777	632802	619955
19	12505873	rs7246440	A	G	0.723	3.98	0.046	0.008340386	0.004180658	632802	620452
19	13010643	rs9384	G	T	0.344	5.73	0.0166	0.008771886	0.003664508	632802	626969
19	18834514	rs10404726	C	T	0.48	0.00338	0.954	-0.000207222	0.003564328	632802	621009
19	19379549	rs58542926	C	T	0.071	0.117	0.732	0.002298897	0.006720888	632802	626672
19	31865946	rs2867570	G	A	0.391	4.48	0.0342	-0.00768416	0.003630424	632802	627871
19	33896432	rs4805881	A	C	0.667	7.95	0.00482	0.010652158	0.003777931	632802	625873
19	45411941	rs429358	T	C	0.141	1.43	0.232	-0.006225019	0.005205623	575705	561773
19	46158417	rs8107527	G	A	0.309	1.09	0.296	0.004098813	0.003925951	632802	624578
19	47597102	rs10408163	T	C	0.682	20.5	5.96E-06	0.017775498	0.003925951	632802	629938
19	50016759	rs142385484	C	T	0.14	2.16	0.142	-0.007297358	0.004965223	632802	601130
20	2100095	rs6137042	G	A	0.232	1.6	0.206	-0.005630511	0.00445131	628509	624644
20	22428284	rs7274134	C	T	0.256	3.62	0.0571	0.007849568	0.004125641	626680	623958
20	32675727	rs6059662	A	G	0.711	1.12	0.29	-0.004008582	0.003787754	626680	616881
20	39832628	rs17265513	T	C	0.192	1.8	0.18	0.005969682	0.004449538	626680	620353
20	42230695	rs6073143	T	C	0.77	0.512	0.474	0.003056345	0.004271372	626680	623485
20	42994812	rs12625671	T	C	0.124	0.0021	0.963	-0.000263759	0.005755695	626680	619632
20	45594711	rs6066138	G	A	0.247	0.252	0.616	-0.002003934	0.003991931	626680	622380
20	50155386	rs6021276	T	C	0.646	0.531	0.466	0.002703233	0.003709678	628509	620021
20	51033681	rs4809906	G	A	0.366	5.85	0.0156	-0.009399072	0.003886038	571412	569813
20	51620857	rs2252115	A	G	0.446	1.32	0.25	0.004104117	0.003572176	628509	627548
20	57396495	rs4810145	T	C	0.504	5.16	0.0231	0.008111431	0.003570858	628509	622504
20	61277014	rs1815591	A	T	0.611	2.51	0.113	-0.005796965	0.003659012	628509	608957
20	62450664	rs6011155	T	C	0.371	7.81	0.0052	-0.010297436	0.003684712	628509	616866
22	19969696	rs2240716	C	T	0.308	0.418	0.518	0.00247228	0.003823926	632802	626027
22	29369398	rs5762925	A	C	0.373	13.1	0.000289	0.013564092	0.003747616	632802	628199
22	30451688	rs56392746	G	A	0.0764	0.0121	0.912	-0.000690295	0.006275413	632802	629760
22	32203334	rs75307421	G	A	0.0207	0.765	0.382	0.012547687	0.014346071	632802	625783
22	35705359	rs138771	A	G	0.789	0.0014	0.97	0.000176364	0.004713534	575705	572034
22	38599767	rs4820323	C	G	0.569	0.0725	0.788	0.000970186	0.00360318	632802	628875
22	41593581	rs11913442	C	T	0.631	10.2	0.00138	-0.011747078	0.003678153	632802	628420
22	44324855	rs3747207	G	A	0.233	14	0.000185	-0.016057815	0.004291632	632802	626340
22	50356850	rs1801645	C	T	0.74	0.571	0.45	-0.003018902	0.00399513	632802	611502