CHROM	POS	SNP	other_allele	effect_allele	AF	STAT	pval	beta	se	N	EFFECTIVE_N
1	49438005	rs3127553	G	A	0.63	0.0262	0.871	-0.000326051	0.002014347	531661	530165
1	72837239	rs7531118	T	C	0.525	15.9	6.67E-05	-0.007718738	0.001935743	535425	514383
1	78048331	rs17381664	T	C	0.347	2.11	0.146	-0.002854033	0.001964797	535425	527351
1	96893000	rs11165623	G	A	0.488	0.269	0.604	0.00100241	0.001932721	535425	531385
1	110082886	rs7550711	C	T	0.0272	0.00252	0.96	-0.000293543	0.00584752	535425	524299
1	177889480	rs543874	A	G	0.179	7.34	0.00674	-0.006508884	0.002402473	535425	532958
2	651105	rs2867110	G	C	0.174	7	0.00814	-0.006778451	0.002562014	537349	536746
2	25141538	rs11676272	A	G	0.478	4.48	0.0343	0.004087043	0.001930946	537349	533781
2	58792377	rs929641	A	G	0.427	4.33	0.0375	0.004070975	0.001956386	537349	533247
2	59307725	rs6545714	G	A	0.607	0.0375	0.846	-0.000382456	0.001974996	537349	530922
2	188116196	rs13404250	C	T	0.332	0.882	0.348	0.001945695	0.002071765	533585	529743
3	12392272	rs7649970	C	T	0.116	0.00272	0.958	0.000152644	0.002926806	537349	537096
3	85819412	rs2325036	A	C	0.39	9.25	0.00235	-0.006050429	0.001989369	533585	529983
3	141094209	rs6440003	G	A	0.433	0.176	0.675	-0.000814304	0.001941021	537349	536340
3	185818882	rs4234589	A	G	0.121	1.53	0.217	0.00351372	0.002840674	537349	531940
4	45182527	rs10938397	A	G	0.425	7.53	0.00605	-0.005352954	0.001950725	537349	534428
5	75003678	rs2307111	T	C	0.418	0.859	0.354	0.001829654	0.001974115	537349	536672
5	124330522	rs6864049	A	G	0.558	0.329	0.566	-0.001109464	0.001934262	537349	527940
6	26200677	rs806794	A	G	0.321	0.602	0.438	-0.001670951	0.002153603	533585	526858
6	50865820	rs943005	C	T	0.162	3.98	0.046	-0.005123123	0.00256799	537349	535981
6	108996963	rs3800229	G	T	0.671	1.91	0.167	0.002947052	0.002132412	537349	531669
6	120213880	rs2357760	G	A	0.67	1.72	0.19	0.002694632	0.002054638	537349	532129
9	28410996	rs1412235	G	C	0.29	2.38	0.123	-0.003187556	0.002066186	537349	530995
9	120378483	rs1928295	T	C	0.435	0.621	0.431	-0.001532525	0.001944741	537349	537280
10	104596396	rs10786712	C	T	0.383	1.69	0.194	0.002583524	0.001987326	537349	537017
10	114758349	rs7903146	C	T	0.294	0.387	0.534	-0.001327945	0.00213464	537349	535702
11	8669437	rs10840100	A	G	0.623	18.4	1.79E-05	-0.008692493	0.002026448	537349	535571
11	27675712	rs1519480	C	T	0.682	6.35	0.0117	-0.00519395	0.002061156	537349	532863
11	47572279	rs11039290	G	A	0.303	18.4	1.78E-05	0.009114148	0.002124747	533585	525856
12	50247468	rs7138803	G	A	0.36	23.8	1.05E-06	-0.009720523	0.001992513	537349	536829
13	54084032	rs4883723	G	A	0.147	0.0576	0.81	-0.000667198	0.002779992	537349	525563
14	25928179	rs10132280	C	A	0.312	0.0277	0.868	-0.000349676	0.002100998	537349	527406
14	79940383	rs7144011	G	T	0.201	15	0.000108	-0.009078571	0.002344077	537349	535315
15	68099600	rs2278076	G	A	0.205	0.216	0.642	0.001116623	0.00240259	537349	535875
16	4021734	rs2531992	A	G	0.845	2.85	0.0917	0.0045318	0.002684406	535425	508859
16	15129459	rs4985155	A	G	0.339	0.334	0.564	-0.001184128	0.002048922	535425	529299
16	28855727	rs4788099	A	G	0.381	45	2.00E-11	-0.01323233	0.001972559	535425	533760
16	31088347	rs749671	G	A	0.396	4.75	0.0294	0.004355062	0.001998239	535425	533067
16	53800954	rs1421085	T	C	0.4	25.6	4.15E-07	-0.009952475	0.001967031	535425	534191
18	40147671	rs7239883	G	A	0.607	3.54	0.0598	0.003739132	0.001987326	537349	534277
18	57829135	rs6567160	T	C	0.225	4.95	0.0261	-0.005069172	0.002278424	537349	535015
18	58049656	rs17066856	T	C	0.104	0.0659	0.797	0.000852207	0.003319726	537349	528076
19	18454825	rs17724992	A	G	0.254	0.0581	0.81	-0.000527478	0.002188346	537349	508413
19	46202172	rs2287019	C	T	0.189	1.78	0.182	-0.003280556	0.002458881	537349	507685
20	50981945	rs16996700	T	C	0.277	0.0011	0.974	-7.12E-05	0.002146047	537349	535130