CHROM	POS	SNP	other_allele	effect_allele	AF	STAT	pval	beta	se	N	EFFECTIVE_N
1	49438005	rs3127553	G	A	0.63	16.3	5.30E-05	-0.014952406	0.003703542	628384	626762
1	72837239	rs7531118	T	C	0.525	0.696	0.404	0.002972022	0.003562439	632802	613992
1	78048331	rs17381664	T	C	0.347	18.9	1.39E-05	0.0157261	0.003617347	632802	625109
1	96893000	rs11165623	G	A	0.488	18.8	1.43E-05	0.015416773	0.003555613	632802	629176
1	110082886	rs7550711	C	T	0.0272	4.6	0.032	0.022722252	0.010594305	632802	619352
1	177889480	rs543874	A	G	0.179	7.69	0.00555	0.012234117	0.004411735	632802	629655
2	651105	rs2867110	G	C	0.174	52.9	3.58E-13	-0.034342633	0.00472178	632802	630496
2	25141538	rs11676272	A	G	0.478	15.7	7.23E-05	0.014099659	0.003558433	632802	630199
2	58792377	rs929641	A	G	0.427	1.05	0.306	-0.003695921	0.003606849	632802	629196
2	59307725	rs6545714	G	A	0.607	16.9	3.97E-05	-0.014956845	0.003638284	632802	626512
2	188116196	rs13404250	C	T	0.332	0.134	0.714	0.001398838	0.003821334	628384	624071
3	12392272	rs7649970	C	T	0.116	3	0.0834	-0.009342838	0.00539409	632802	632478
3	85819412	rs2325036	A	C	0.39	45.2	1.81E-11	-0.024661284	0.003668145	628384	622361
3	141094209	rs6440003	G	A	0.433	0.228	0.633	-0.001707757	0.003576504	632802	631585
3	185818882	rs4234589	A	G	0.121	2.99	0.0836	-0.009052766	0.00523535	632802	627546
4	45182527	rs10938397	A	G	0.425	0.787	0.375	-0.003188432	0.003594097	632802	629747
5	75003678	rs2307111	T	C	0.418	1.61	0.204	-0.004620609	0.00364155	632802	632328
5	124330522	rs6864049	A	G	0.558	3.85	0.0497	0.006996798	0.003565898	632802	622222
6	26200677	rs806794	A	G	0.321	7.39	0.00655	-0.010789642	0.003969034	628384	621267
6	50865820	rs943005	C	T	0.162	0.00177	0.966	-0.000198652	0.00472178	632802	631597
6	108996963	rs3800229	G	T	0.671	21.2	4.08E-06	0.018095196	0.003930025	632802	628010
6	120213880	rs2357760	G	A	0.67	12.7	0.000366	0.013473752	0.003780826	632802	627882
9	28410996	rs1412235	G	C	0.29	0.0055	0.941	0.000296324	0.003995633	575705	566480
9	120378483	rs1928295	T	C	0.435	10	0.00153	-0.011339978	0.003586016	632802	632662
10	104596396	rs10786712	C	T	0.383	48.9	2.75E-12	0.025612258	0.003662633	632802	632482
10	114758349	rs7903146	C	T	0.294	1.32	0.25	0.004524729	0.003938271	632802	631746
11	8669437	rs10840100	A	G	0.623	0.421	0.517	-0.002424908	0.003737267	632802	631086
11	27675712	rs1519480	C	T	0.682	33.2	8.46E-09	-0.021853015	0.003792646	632802	627099
11	47572279	rs11039290	G	A	0.303	3.89	0.0484	0.007746537	0.00392765	628384	621435
12	50247468	rs7138803	G	A	0.36	1.07	0.301	-0.003798545	0.003672192	632802	632296
13	54084032	rs4883723	G	A	0.147	1.3	0.254	-0.005841703	0.005123513	632802	621504
14	25928179	rs10132280	C	A	0.312	0.0081	0.928	0.000348996	0.003877738	630973	621866
14	79940383	rs7144011	G	T	0.201	5.8	0.016	-0.010436853	0.004333667	630973	627222
15	68099600	rs2278076	G	A	0.205	8.7	0.00319	-0.013084866	0.004436185	632802	630903
16	4021734	rs2531992	A	G	0.845	2.6	0.107	0.008028098	0.004978815	632802	628130
16	15129459	rs4985155	A	G	0.339	0.439	0.508	-0.002501244	0.00377506	632802	628016
16	28855727	rs4788099	A	G	0.381	0.695	0.404	-0.003019169	0.003621555	632802	631324
16	31088347	rs749671	G	A	0.396	11.2	0.000806	-0.012302742	0.003676147	632802	629876
16	53800954	rs1421085	T	C	0.4	3.52	0.0606	0.006789345	0.003618733	632802	629793
18	40147671	rs7239883	G	A	0.607	0.00946	0.923	-0.000356237	0.003662633	632802	630036
18	57829135	rs6567160	T	C	0.225	0.323	0.57	0.002382965	0.004192919	632802	630772
18	58049656	rs17066856	T	C	0.104	5.98	0.0145	-0.014983255	0.006127108	632802	622226
19	18454825	rs17724992	A	G	0.254	21	4.63E-06	-0.018573262	0.004053018	632802	625932
19	46202172	rs2287019	C	T	0.189	0.787	0.375	0.004020214	0.004531706	632802	614628
20	50981945	rs16996700	T	C	0.277	4.72	0.0298	-0.008612782	0.003964354	628509	626773