CHROM	POS	SNP	other_allele	effect_allele	AF	STAT	pval	beta	se	N	EFFECTIVE_N
1	9335745	rs6688233	C	T	0.25	1.44	0.23	0.004988074	0.004156729	632802	616635
1	19925759	rs12024554	C	T	0.249	0.0235	0.878	-0.00064564	0.004211691	632802	624995
1	23271504	rs2903995	T	A	0.39	1.27	0.259	0.004103818	0.00364155	632802	628521
1	26201164	rs213624	G	A	0.514	1.73	0.188	0.004686861	0.003563355	632802	629410
1	49928489	rs946106	C	T	0.783	26.5	2.64E-07	-0.021992939	0.004272286	628384	624672
1	62579891	rs12140153	G	T	0.0715	7.01	0.00811	-0.015774334	0.005957884	632802	595513
1	72835410	rs2613505	C	T	0.827	23.1	1.55E-06	0.021524398	0.004478422	632802	627536
1	91212216	rs6699397	A	G	0.397	35.4	2.74E-09	0.021780854	0.003660777	632802	629147
1	103417203	rs2061708	G	C	0.587	1.85	0.174	0.00490416	0.00360561	632802	628991
1	112274162	rs6658723	T	C	0.57	6.01	0.0142	-0.008786651	0.00358415	632802	619312
1	119546842	rs10923724	C	T	0.554	1.92	0.166	0.004986245	0.003598512	632802	627703
1	154991389	rs905938	T	C	0.247	0.481	0.488	-0.002787058	0.004018588	632802	623052
1	170372503	rs10919388	A	C	0.728	0.423	0.516	0.002592434	0.003986002	632802	627621
1	205041542	rs3903399	T	C	0.204	1.82	0.177	0.005857868	0.004342141	632802	628261
1	219653101	rs1563355	T	C	0.677	2.25	0.133	-0.005684482	0.003789655	632802	631795
1	224051439	rs6604731	C	T	0.311	1.97	0.16	-0.005424663	0.003864912	632802	624296
1	243533273	rs12042959	A	G	0.152	0.0217	0.883	-0.000737497	0.005006456	632802	614672
2	629510	rs6743060	C	A	0.83	53.5	2.54E-13	0.034698772	0.004743918	632802	631126
2	9698190	rs12692387	T	C	0.648	0.091	0.763	0.001138792	0.00377506	632802	606104
2	13073967	rs711869	G	A	0.555	6.67	0.0098	-0.009274112	0.003590951	632802	617673
2	25193998	rs6749646	A	T	0.201	4.48	0.0343	0.009270984	0.004380128	632802	627298
2	43756032	rs7591387	C	T	0.095	1.23	0.267	0.006543244	0.005899844	632802	629528
2	48962291	rs17326656	G	T	0.224	0.47	0.493	-0.00287452	0.004192919	632802	621620
2	59307725	rs6545714	G	A	0.607	16.9	3.97E-05	-0.014956845	0.003638284	632802	626512
2	66200648	rs1385167	A	G	0.137	0.00338	0.954	-0.000298766	0.005138923	632802	630565
2	66772000	rs11897119	T	C	0.388	0.502	0.479	-0.002697908	0.00380781	575705	575486
2	67846288	rs4671193	C	T	0.381	0.00472	0.945	-0.000255245	0.003715241	632802	628922
2	100894887	rs4851284	C	T	0.667	2.62	0.106	-0.006087795	0.003761052	632802	614952
2	112253851	rs1345203	T	C	0.222	0.88	0.348	-0.004123619	0.004395793	632802	580988
2	114517748	rs4372913	A	G	0.215	0.09	0.764	-0.001287489	0.004291632	632802	627199
2	119444229	rs332105	G	A	0.573	0.399	0.528	0.002372399	0.00375579	575705	565678
2	158412701	rs55920843	T	G	0.00693	0.0769	0.782	0.004827061	0.017406828	575705	546588
2	165667643	rs409125	T	A	0.61	0.0208	0.885	0.00052933	0.003670243	632802	623466
2	166162705	rs12469667	G	A	0.247	4.89	0.027	-0.00904305	0.004089409	632802	630662
2	188115398	rs1569135	A	G	0.475	1.32	0.251	-0.004113244	0.003580119	628384	625691
2	200775744	rs1124639	T	C	0.533	25.3	4.90E-07	0.017974372	0.003573497	632802	630719
2	213413231	rs7599312	G	A	0.262	1.69	0.193	0.005181802	0.003986002	632802	620817
2	219170525	rs1017698	G	A	0.602	0.126	0.723	0.001287599	0.0036274	632802	630213
2	230739209	rs17324331	G	C	0.332	0.0761	0.783	0.001046248	0.003792646	632802	627261
2	239365456	rs3891424	G	A	0.0439	3.53	0.0601	-0.014010136	0.007456843	632802	593115
3	12302462	rs9878908	C	T	0.811	1.78	0.182	0.005896766	0.004419813	632802	630972
3	15771372	rs2455848	T	C	0.698	0.514	0.473	-0.002751003	0.003837157	632802	631962
3	35635145	rs10490869	A	T	0.204	0.00075	0.978	0.000119119	0.004349607	632802	625626
3	49751585	rs2291542	C	T	0.294	1.52	0.217	0.004698654	0.003811111	632802	627694
3	62481063	rs1452075	C	T	0.718	0.583	0.445	-0.00306837	0.004018588	632802	629275
3	64701535	rs76699125	T	C	0.0674	0.86	0.354	0.006969352	0.007515246	632802	600647
3	85886077	rs12495178	T	C	0.361	44.9	2.12E-11	-0.02488981	0.003714483	628384	626603
3	99525631	rs793456	G	A	0.607	0.0193	0.889	-0.000504143	0.003628904	632802	631182
3	129341403	rs6795831	A	C	0.196	2.76	0.0964	-0.007454532	0.004487101	632802	622125
3	131564741	rs13063979	T	G	0.251	0.00907	0.924	0.000378334	0.003972574	632802	627447
3	135926622	rs645040	G	T	0.777	0.011	0.916	-0.000447221	0.004264088	632802	631527
3	156797648	rs10049088	C	T	0.388	0.00136	0.971	0.000135071	0.003662633	632802	619333
3	168949384	rs12494190	G	A	0.415	0.72	0.396	-0.003070597	0.003618733	632802	625175
3	171800256	rs4894803	A	G	0.399	0.505	0.478	0.002578821	0.003628904	632802	607714
3	185834290	rs7647305	T	C	0.799	3.95	0.047	0.008644673	0.004349607	632802	624801
4	965779	rs11724804	G	A	0.442	1.64	0.2	-0.004574499	0.003572083	632802	620561
4	26062990	rs10019888	A	G	0.168	5.02	0.0251	-0.010865089	0.004849327	632802	621760
4	26308792	rs17644283	A	G	0.638	0.315	0.575	0.002073753	0.003694893	632802	625212
4	45175691	rs13130484	C	T	0.425	0.641	0.423	-0.002877523	0.003594097	632802	628765
4	56245637	rs861029	T	C	0.275	5.02	0.0251	-0.009174489	0.004094775	632802	628281
4	89730074	rs2167750	C	T	0.49	1.48	0.224	0.004339464	0.003567018	632802	630037
4	100235053	rs1789882	A	G	0.83	0.0734	0.787	-0.001256409	0.00463749	632802	627454
4	140874760	rs809955	G	A	0.361	33.6	6.84E-09	-0.021344185	0.003682222	632802	623761
4	145868370	rs789351	C	T	0.421	2.35	0.125	0.005525421	0.003604387	632802	631565
5	4010135	rs10475249	C	G	0.467	2.5	0.114	0.005652526	0.003574971	632802	623298
5	55860866	rs3936510	G	T	0.202	3.65	0.056	-0.008693018	0.004550133	632802	628942
5	75015242	rs2112347	T	G	0.375	2.12	0.145	-0.005402682	0.003710577	632802	631763
5	88001798	rs2161228	C	T	0.114	4.22	0.04	0.012173516	0.005925975	632802	623418
5	103945178	rs2161097	C	T	0.425	14.3	0.000155	0.013603634	0.003597385	632802	629835
5	106328326	rs4395620	T	C	0.439	0.508	0.476	0.002560902	0.003593033	632802	630122
5	112542527	rs1822489	A	G	0.677	1.18	0.277	-0.004146831	0.003817467	632802	626416
5	118729286	rs1045241	C	T	0.276	0.467	0.494	0.002736505	0.004004403	632802	624992
5	132412299	rs11747001	A	G	0.236	3.63	0.0569	0.007832759	0.004111132	632802	631060
5	155824774	rs4454042	T	C	0.732	3.92	0.0478	-0.007764981	0.003921908	632802	627348
5	158015903	rs1122080	G	A	0.186	7.12	0.00763	-0.012242415	0.004588039	632802	625151
5	172997978	rs17738166	G	A	0.388	0.17	0.68	0.001488715	0.003610663	632802	625756
6	6746166	rs1294436	G	C	0.604	0.753	0.386	-0.003161415	0.003643209	632802	621545
6	14573063	rs9296938	A	G	0.756	0.0178	0.894	0.000550729	0.004127887	632802	630441
6	20581828	rs7744833	A	G	0.313	0.139	0.709	0.001426882	0.003827194	632802	623453
6	34192036	rs114760566	C	A	0.0311	9.56	0.00199	0.027818621	0.008997185	632802	619941
6	43758873	rs6905288	G	A	0.579	0.177	0.674	0.001507141	0.003582345	632802	627907
6	53789830	rs9370243	G	T	0.0882	0.105	0.746	0.00214312	0.006613811	632802	623935
6	80916967	rs12527712	C	T	0.0767	0.922	0.337	0.006310316	0.006571819	632802	626470
6	97946396	rs10499013	G	A	0.264	0.798	0.372	-0.003560729	0.003986002	632802	622887
6	98539519	rs901630	C	T	0.377	0.486	0.486	0.002543359	0.003648291	632802	629259
6	100610101	rs2503099	A	G	0.159	3.31	0.069	-0.008610563	0.004732794	632802	631931
6	108906200	rs12206094	C	T	0.29	20.9	4.74E-06	-0.018181529	0.003977015	632802	630431
6	127454893	rs72959041	G	A	0.0439	8.40E-05	0.993	7.32E-05	0.007985365	632802	593827
6	139829666	rs605066	C	T	0.58	1.28	0.258	0.004083543	0.003609376	632802	629308
6	160769811	rs668871	C	T	0.482	0.648	0.421	0.002866373	0.00356078	632802	629189
7	26397239	rs1534696	C	A	0.57	0.528	0.467	-0.002595107	0.003571399	632802	626421
7	50750128	rs2715135	T	G	0.638	4.97	0.0258	0.008298516	0.003722393	632802	629717
7	73037366	rs55747707	G	A	0.192	0.005	0.944	0.000313686	0.004436185	632802	626826
7	77333267	rs11764879	G	A	0.269	8.68	0.00322	0.011590677	0.003934132	632802	626034
7	104756326	rs1142	C	T	0.35	0.125	0.724	-0.001312708	0.003712899	632802	629398
7	116954785	rs39312	A	C	0.376	18.5	1.68E-05	0.015892334	0.003694893	632802	622281
7	120889272	rs6942652	G	C	0.421	0.209	0.647	-0.001641658	0.003590951	632802	631188
7	136717447	rs13229637	T	C	0.15	4.57	0.0326	-0.010446614	0.00488672	632802	621940
8	19824667	rs15285	C	T	0.3	6.77	0.00926	-0.01025793	0.003942443	632802	631453
8	23610639	rs9644033	A	T	0.237	0.993	0.319	0.004203263	0.004218052	632802	626069
8	25464690	rs11992444	G	T	0.508	1.79	0.181	0.0047582	0.003556446	632802	593496
8	38329650	rs36061954	C	T	0.382	16.6	4.60E-05	0.014810477	0.003635089	632802	625467
8	60264465	rs62506196	A	C	0.164	0.136	0.713	-0.001802133	0.00488672	632802	626561
8	72396213	rs28446899	C	T	0.0695	0.389	0.533	-0.004186735	0.006712754	632802	621920
8	73439070	rs1431659	A	G	0.727	5.86	0.0155	0.009682366	0.003999748	632802	628458
8	128334900	rs13256367	A	C	0.339	2.65	0.104	-0.006140716	0.003772212	632802	626507
9	15670492	rs6474945	G	T	0.469	3.95E-05	0.995	2.25E-05	0.003573497	632802	631201
9	28412375	rs2183825	T	C	0.298	0.0595	0.807	0.000928864	0.003807971	632802	627923
9	95568230	rs1974004	C	T	0.158	0.147	0.701	0.001919504	0.005006456	632802	625114
9	96758342	rs2398893	A	G	0.282	0.00744	0.931	-0.000341899	0.003963796	632802	631325
9	107726918	rs10991433	T	C	0.105	0.0108	0.917	-0.000600166	0.005775098	632802	619934
9	111972671	rs12684047	T	A	0.182	3.16	0.0755	-0.008039586	0.00452262	632802	600469
9	134881443	rs7025089	C	A	0.666	23.4	1.32E-06	-0.018420508	0.003807971	632802	631825
10	5648787	rs7907173	G	A	0.446	0.132	0.716	-0.001297072	0.003570073	632802	629754
10	21908803	rs1243188	T	C	0.309	39.9	2.64E-10	0.024505179	0.003879461	632802	629693
10	33672884	rs10827252	A	G	0.529	0.113	0.737	0.001195236	0.003555613	632802	625419
10	34168090	rs1757471	C	T	0.499	2.47	0.116	-0.005588588	0.003555934	632802	629524
10	61842645	rs7070670	C	T	0.311	6.81	0.00905	-0.009897281	0.003792646	632802	615874
10	65318766	rs10761785	G	T	0.522	1.27	0.261	-0.00401015	0.003558433	632802	628546
10	80907147	rs780159	A	G	0.604	0.258	0.611	0.00182668	0.003596273	632802	609233
10	89604732	rs10788569	T	C	0.246	1.84	0.175	0.005444613	0.004013822	632802	622552
10	95346805	rs11187537	G	C	0.278	0.15	0.698	0.001569727	0.004053018	632802	626583
10	115860058	rs12777288	T	C	0.238	6.51	0.0107	0.010862492	0.004257346	632802	628996
10	122875040	rs17101456	A	G	0.117	0.343	0.558	-0.003288722	0.005615392	632802	631026
11	8694073	rs12575252	G	C	0.379	0.396	0.529	0.002355036	0.003742398	632802	620893
11	13274553	rs747601	A	T	0.712	8.04	0.00458	-0.011251699	0.003968168	632802	629920
11	27695464	rs11030108	A	G	0.709	30.4	3.60E-08	-0.020978532	0.003804857	632802	628965
11	30432220	rs13642	A	T	0.351	4.75	0.0293	-0.008092076	0.003712899	632802	628071
11	47606865	rs12287076	G	C	0.696	3.31	0.069	-0.007145734	0.00392765	628384	612395
11	64031241	rs35169799	C	T	0.0629	8.87	0.0029	0.021601497	0.007253073	632802	622767
11	69262756	rs7395513	G	A	0.445	3.06	0.0802	0.006257708	0.003577294	632802	619381
11	85322400	rs536665	A	G	0.18	2.12	0.145	0.006435345	0.004419813	632802	625642
11	111895254	rs2276390	G	T	0.351	4.23	0.0396	0.007641124	0.003715241	632802	629128
11	118944675	rs3825061	C	T	0.38	0.397	0.528	-0.002297634	0.003646579	632802	630589
11	122014110	rs579682	C	T	0.726	7.69	0.00554	-0.011041012	0.003981491	632802	626597
11	130271647	rs747249	A	G	0.668	0.148	0.701	-0.001427488	0.003710577	632802	625355
12	998365	rs12828016	G	T	0.383	9.62	0.00193	0.011360069	0.003662633	632802	632209
12	9075014	rs1805740	G	T	0.706	0.00402	0.949	0.000249965	0.003942443	632802	630434
12	26471364	rs10842707	C	T	0.223	1.44	0.23	-0.005092835	0.00424403	632802	623509
12	33734935	rs2200155	G	A	0.348	1.93	0.165	0.005154899	0.003710577	632802	626246
12	50247468	rs7138803	G	A	0.36	1.07	0.301	-0.003798545	0.003672192	632802	632296
12	54421476	rs10876528	C	A	0.359	0.341	0.559	0.002146694	0.003676147	632802	629780
12	66441684	rs11176015	C	T	0.28	0.182	0.669	0.001696653	0.003977015	632802	618396
12	94092690	rs10745659	C	G	0.43	3.26	0.071	0.006460424	0.003578098	632802	627594
12	98772975	rs7311622	C	T	0.449	0.202	0.653	-0.001605452	0.003572083	632802	621785
12	108594069	rs4964656	G	C	0.32	1.42	0.233	-0.004819686	0.00404459	575705	564361
12	124505444	rs863750	C	T	0.581	1.23	0.267	0.004036854	0.003639908	632802	626926
13	31033232	rs1045411	C	T	0.25	14.4	0.00015	-0.01504155	0.003963796	632802	624160
13	51221618	rs797486	C	A	0.877	1.04	0.307	0.005444886	0.00533915	632802	625162
13	93896935	rs12430764	G	A	0.511	7.49	0.00622	0.009732824	0.003556296	632802	629160
13	111040798	rs9515201	A	C	0.702	0.034	0.854	-0.000716711	0.003886909	632802	618194
14	25928179	rs10132280	C	A	0.312	0.0081	0.928	0.000348996	0.003877738	630973	621866
14	58815839	rs1190982	T	C	0.705	9.93	0.00163	-0.012152226	0.003856392	630973	627573
14	71359064	rs2526886	G	T	0.665	0.892	0.345	0.003642199	0.003856392	630973	625879
14	79939993	rs17109256	G	A	0.201	5.83	0.0157	-0.01046381	0.004333667	630973	627333
14	91547136	rs7492628	C	G	0.318	3.63	0.0566	0.007314967	0.003839362	630973	618571
14	103350197	rs12590238	C	G	0.192	7.14	0.00755	0.012754927	0.004773411	630973	627636
15	31705683	rs4779526	A	T	0.26	0.179	0.672	0.001734722	0.004100184	632802	621749
15	42102285	rs12440605	G	A	0.513	0.371	0.543	0.002168863	0.00356078	632802	629344
15	51748610	rs3736485	A	G	0.521	1.33	0.25	0.004121158	0.003573497	632802	624198
15	53044002	rs10851523	G	C	0.276	0.446	0.504	0.002635698	0.003946647	632802	619945
15	67661784	rs8043060	G	A	0.231	18.6	1.62E-05	-0.018247048	0.004230933	632802	626053
15	81058640	rs12593088	G	A	0.289	4.14	0.0418	-0.007863934	0.003864912	632802	624822
15	92570921	rs12101393	C	G	0.199	5.11	0.0238	0.009701366	0.004291632	632802	624869
16	4484396	rs1139653	A	T	0.718	0.164	0.685	0.001614208	0.003986002	632802	630505
16	28883241	rs7498665	A	G	0.381	0.67	0.413	-0.002964371	0.003621555	632802	630844
16	29995218	rs4788204	G	A	0.427	7.14	0.00752	0.009543055	0.003571399	632802	631985
16	53801985	rs9923544	C	T	0.427	2.35	0.125	0.005508015	0.003593033	632802	629952
16	69556715	rs889398	C	T	0.406	14.6	0.000134	-0.013767733	0.00360318	632802	623529
16	81534790	rs2925979	T	C	0.7	1.08	0.298	0.004035509	0.003883171	632802	626521
16	82872628	rs7206608	C	G	0.303	1.98	0.159	-0.00534097	0.003795662	632802	624398
17	2136065	rs7217226	T	G	0.358	0.948	0.33	-0.003615075	0.003712899	632802	630235
17	3981066	rs8070737	G	T	0.178	1.14	0.286	-0.004951484	0.00463749	632802	631787
17	21279289	rs7213608	C	T	0.678	0.465	0.495	0.002568469	0.003766586	632802	614264
17	34848874	rs2306589	T	C	0.538	4.99	0.0254	-0.007956911	0.003562002	632802	627794
17	40698075	rs591939	A	G	0.23	0.198	0.657	0.001844432	0.004145052	632802	622755
17	46080233	rs8071778	G	C	0.163	4.01	0.0452	-0.009735465	0.004861659	632802	624865
17	65947640	rs12449442	G	A	0.221	6.71	0.00958	0.011491346	0.004436185	632802	626664
17	68446861	rs11654387	C	G	0.528	0.00737	0.932	0.000305248	0.003555649	632802	627643
17	79923718	rs4239275	T	C	0.583	5.11	0.0238	-0.008174028	0.003615977	632802	609729
18	13072979	rs1787013	T	C	0.454	0.0299	0.863	0.000618302	0.00357573	632802	628480
18	21069068	rs62095889	G	A	0.326	0.0614	0.804	0.000922373	0.003722393	632802	624429
18	34690744	rs10164099	T	C	0.132	1.27	0.26	0.005808845	0.005154516	632802	630141
18	40736590	rs1158805	C	A	0.38	0.183	0.669	0.001564461	0.003657119	632802	630588
18	46853270	rs494752	G	C	0.642	1.09	0.297	-0.003944276	0.003777931	632802	631382
18	53445930	rs6566233	T	C	0.489	0.389	0.533	-0.00221875	0.003557407	632802	628628
18	57829135	rs6567160	T	C	0.225	0.323	0.57	0.002382965	0.004192919	632802	630772
19	2176586	rs12459350	A	G	0.474	3.07	0.0799	0.006247959	0.003565898	632802	629812
19	18389135	rs12608504	A	G	0.636	1.93	0.165	0.005151702	0.003708276	632802	627119
19	18469017	rs12986231	T	C	0.255	22.6	2.00E-06	-0.019196572	0.004038029	632802	606557
19	19378671	rs998732	A	G	0.164	0.377	0.539	-0.003000462	0.00488672	632802	630914
19	30286822	rs17513613	T	C	0.324	4.29	0.0383	0.007843107	0.003786688	632802	624874
19	33893008	rs3786897	A	G	0.408	11.6	0.000665	0.012241054	0.003594097	632802	625680
19	45411941	rs429358	T	C	0.141	1.43	0.232	-0.006225019	0.005205623	575705	561773
19	46181392	rs1800437	G	C	0.202	0.482	0.488	0.003068509	0.004419813	632802	620230
20	6623374	rs979012	T	C	0.655	0.582	0.446	0.002843981	0.003727908	628509	623756
20	33905619	rs1406948	G	A	0.401	2.22	0.136	-0.005529585	0.003711215	622262	618498
20	42010996	rs6130360	A	G	0.156	0.712	0.399	-0.00434429	0.005148478	626680	622513
20	45529571	rs2236519	G	A	0.366	0.829	0.362	0.003365256	0.003696075	626680	618474
20	45789953	rs3092781	C	T	0.452	4.5	0.034	-0.007603657	0.003584398	626680	622751
20	50982870	rs6021889	A	G	0.281	4.75	0.0293	-0.00864011	0.003964354	628509	626668
20	56135199	rs1328757	C	T	0.457	0.0145	0.904	-0.00043099	0.003579179	628509	621110
21	35593827	rs28451064	G	A	0.126	6.64	0.00994	0.013533754	0.005252115	632802	601590
21	39484323	rs9976841	G	A	0.412	4.49	0.034	-0.00780686	0.003684285	632802	630202
22	29449477	rs2294239	A	G	0.418	4.22	0.04	0.007392294	0.003598512	632802	625941
22	40669648	rs733381	A	G	0.21	2.48	0.115	0.006803337	0.004320124	632802	626465
22	47214749	rs8141715	T	G	0.265	0.252	0.616	0.002017315	0.004018588	632802	627910