CHROM	POS	SNP	other_allele	effect_allele	AF	STAT	pval	beta	se	N	EFFECTIVE_N
1	9335745	rs6688233	C	T	0.25	1.29	0.256	-0.002566263	0.002259468	535425	506828
1	19925759	rs12024554	C	T	0.249	0.0145	0.904	0.000274445	0.00227914	535425	528420
1	23271504	rs2903995	T	A	0.39	1.05	0.305	-0.002029239	0.001980335	535425	531294
1	26201164	rs213624	G	A	0.514	0.05	0.823	0.00043311	0.001936929	535425	532275
1	49928489	rs946106	C	T	0.783	3.79	0.0515	-0.00451401	0.002318691	531661	528049
1	62579891	rs12140153	G	T	0.0715	0.0365	0.849	0.000622666	0.003259181	535425	498710
1	72835410	rs2613505	C	T	0.827	4.07	0.0435	-0.004920595	0.002439048	535425	530364
1	91212216	rs6699397	A	G	0.397	2.37	0.123	0.003063388	0.001989884	535425	532241
1	103417203	rs2061708	G	C	0.587	0.372	0.542	-0.001195788	0.001960571	535425	532112
1	112274162	rs6658723	T	C	0.57	0.361	0.548	-0.001170864	0.001948735	535425	521341
1	119546842	rs10923724	C	T	0.554	0.0455	0.831	-0.000416978	0.001954822	535425	529695
1	154991389	rs905938	T	C	0.247	1.69	0.193	0.002843087	0.00218699	535425	526533
1	170372503	rs10919388	A	C	0.728	0.778	0.378	-0.001913273	0.002169138	535425	529844
1	205041542	rs3903399	T	C	0.204	4.4	0.036	-0.004959421	0.002364311	535425	530906
1	219653101	rs1563355	T	C	0.677	0.115	0.734	0.000698559	0.002059939	535425	535100
1	224051439	rs6604731	C	T	0.311	1.8	0.18	-0.002823844	0.002104769	535425	527532
1	243533273	rs12042959	A	G	0.152	0.243	0.622	-0.001345258	0.002728993	535425	523063
2	629510	rs6743060	C	A	0.83	7.96	0.00477	0.00722833	0.002562014	537349	535683
2	9698190	rs12692387	T	C	0.648	0.0492	0.825	0.000454341	0.002048328	537349	510948
2	13073967	rs711869	G	A	0.555	2.7	0.1	-0.003198919	0.0019468	537349	524091
2	25193998	rs6749646	A	T	0.201	1.87	0.171	0.00325	0.002376635	537349	530886
2	43756032	rs7591387	C	T	0.095	3.57	0.0588	-0.005996199	0.003173525	537349	534722
2	48962291	rs17326656	G	T	0.224	0.0418	0.838	0.000465136	0.002275056	537349	530255
2	59307725	rs6545714	G	A	0.607	0.0375	0.846	-0.000382456	0.001974996	537349	530922
2	66200648	rs1385167	A	G	0.137	0.709	0.4	0.002354977	0.002796814	537349	535313
2	66772000	rs11897119	T	C	0.388	0.472	0.492	-0.00135507	0.001972381	537349	537071
2	67846288	rs4671193	C	T	0.381	0.0885	0.766	0.000599322	0.0020146	537349	533784
2	100894887	rs4851284	C	T	0.667	0.258	0.611	0.001035061	0.002037775	537349	521334
2	112253851	rs1345203	T	C	0.222	3.35	0.0672	-0.004365513	0.002385135	537349	497033
2	114517748	rs4372913	A	G	0.215	0.679	0.41	-0.00192513	0.002336281	537349	531336
2	119444229	rs332105	G	A	0.573	0.577	0.448	-0.001477236	0.001944741	537349	529800
2	158412701	rs55920843	T	G	0.00693	0.585	0.444	0.006614589	0.008648184	537349	505952
2	165667643	rs409125	T	A	0.61	0.549	0.459	-0.001474015	0.001989371	537349	530934
2	166162705	rs12469667	G	A	0.247	0.0182	0.893	-0.000300134	0.002224739	537349	535340
2	188115398	rs1569135	A	G	0.475	0.136	0.712	0.000716156	0.001941951	533585	531204
2	200775744	rs1124639	T	C	0.533	0.248	0.619	0.000965595	0.001938961	537349	535237
2	213413231	rs7599312	G	A	0.262	2.75	0.0971	-0.003594786	0.002167737	537349	525967
2	219170525	rs1017698	G	A	0.602	4.57	0.0326	0.004205826	0.001967402	537349	535514
2	230739209	rs17324331	G	C	0.332	0.247	0.619	-0.001021136	0.002054638	537349	533272
2	239365456	rs3891424	G	A	0.0439	2.2	0.138	-0.006091612	0.004106964	537349	502624
3	12302462	rs9878908	C	T	0.811	1.58	0.209	0.00301445	0.002398168	537349	535900
3	15771372	rs2455848	T	C	0.698	1.25	0.264	0.002327771	0.002082022	537349	536576
3	35635145	rs10490869	A	T	0.204	0.53	0.467	0.001724136	0.002368283	537349	529598
3	49751585	rs2291542	C	T	0.294	6.61	0.0101	-0.005316527	0.00206789	537349	534557
3	62481063	rs1452075	C	T	0.718	3.46	0.0629	-0.0040559	0.002180465	537349	534115
3	64701535	rs76699125	T	C	0.0674	0.0942	0.759	0.001243738	0.004052318	537349	510722
3	85886077	rs12495178	T	C	0.361	10.6	0.00112	-0.006569917	0.002017934	533585	531774
3	99525631	rs793456	G	A	0.607	0.517	0.472	-0.001416375	0.00196985	537349	535490
3	129341403	rs6795831	A	C	0.196	0.0026	0.959	0.000124145	0.002434678	537349	523140
3	131564741	rs13063979	T	G	0.251	14	0.000187	-0.00808324	0.002160337	537349	533381
3	135926622	rs645040	G	T	0.777	0.837	0.36	0.002116726	0.002313673	537349	536002
3	156797648	rs10049088	C	T	0.388	0.32	0.572	-0.001122509	0.001984334	537349	525521
3	168949384	rs12494190	G	A	0.415	3.12	0.0774	0.003468243	0.001963506	537349	530855
3	171800256	rs4894803	A	G	0.399	0.149	0.7	-0.000758815	0.001965816	537349	516595
3	185834290	rs7647305	T	C	0.799	2.63	0.105	-0.003827398	0.002360075	537349	529379
4	965779	rs11724804	G	A	0.442	2.42	0.12	0.003016316	0.001938961	537349	507138
4	26062990	rs10019888	A	G	0.168	0.0626	0.802	-0.000658331	0.00263122	537349	528033
4	26308792	rs17644283	A	G	0.638	2.8	0.0942	-0.003350816	0.002002496	537349	529000
4	45175691	rs13130484	C	T	0.425	7.07	0.00784	-0.005185316	0.001950139	537349	533134
4	56245637	rs861029	T	C	0.275	1.85	0.174	-0.003025972	0.002224739	537349	533127
4	89730074	rs2167750	C	T	0.49	1.86	0.173	0.002638767	0.001934838	537349	535131
4	100235053	rs1789882	A	G	0.83	11.9	0.000565	-0.008680249	0.002516278	537349	534405
4	140874760	rs809955	G	A	0.361	0.173	0.677	0.000831015	0.001997955	537349	530878
4	145868370	rs789351	C	T	0.421	1.16	0.281	0.002104976	0.001954421	537349	536503
5	4010135	rs10475249	C	G	0.467	0.952	0.329	0.00189224	0.001939357	537349	528509
5	55860866	rs3936510	G	T	0.202	2	0.158	-0.003477383	0.002458881	537349	533996
5	75015242	rs2112347	T	G	0.375	1.43	0.232	0.002404632	0.002010854	537349	536141
5	88001798	rs2161228	C	T	0.114	0.0275	0.868	0.000528549	0.003187268	537349	528652
5	103945178	rs2161097	C	T	0.425	1.19	0.276	0.00212799	0.001950725	537349	535117
5	106328326	rs4395620	T	C	0.439	0.84	0.359	-0.001786802	0.001949561	537349	532960
5	112542527	rs1822489	A	G	0.677	0.352	0.553	-0.001229952	0.002073084	537349	530418
5	118729286	rs1045241	C	T	0.276	0.843	0.359	-0.001992609	0.002170243	537349	530210
5	132412299	rs11747001	A	G	0.236	6.42	0.0113	-0.005667328	0.002236716	537349	536043
5	155824774	rs4454042	T	C	0.732	1.19	0.275	0.002326187	0.002132412	537349	532877
5	158015903	rs1122080	G	A	0.186	0.375	0.541	-0.001521275	0.002484232	537349	528387
5	172997978	rs17738166	G	A	0.388	0.0113	0.915	-0.000208409	0.001960551	537349	532382
6	6746166	rs1294436	G	C	0.604	0.0889	0.766	0.000589672	0.001977696	537349	526149
6	14573063	rs9296938	A	G	0.756	0.621	0.431	-0.001762612	0.002236716	537349	535437
6	20581828	rs7744833	A	G	0.313	1.23	0.268	0.002305061	0.002078404	537349	531039
6	34192036	rs114760566	C	A	0.0311	0.00497	0.944	0.000342155	0.004853378	537349	521838
6	43758873	rs6905288	G	A	0.579	0.8	0.371	-0.001740335	0.001945754	537349	512561
6	53789830	rs9370243	G	T	0.0882	0.733	0.392	0.003044177	0.003555641	537349	529884
6	80916967	rs12527712	C	T	0.0767	1.36	0.244	-0.004160835	0.003567887	537349	528303
6	97946396	rs10499013	G	A	0.264	0.162	0.687	0.000868541	0.002157908	537349	525962
6	98539519	rs901630	C	T	0.377	16.5	4.91E-05	0.00803344	0.001977696	537349	535294
6	100610101	rs2503099	A	G	0.159	0.0314	0.859	0.000455049	0.00256799	537349	536859
6	108906200	rs12206094	C	T	0.29	6.84	0.00894	-0.005643662	0.002157908	537349	535466
6	127454893	rs72959041	G	A	0.0439	2	0.157	-0.006122004	0.004328911	537349	503840
6	139829666	rs605066	C	T	0.58	0.364	0.546	0.001181989	0.001959128	537349	534919
6	160769811	rs668871	C	T	0.482	1.16	0.281	0.002080673	0.001931856	537349	532475
7	26397239	rs1534696	C	A	0.57	1.49	0.222	0.002365414	0.001937823	537349	533598
7	50750128	rs2715135	T	G	0.638	0.00758	0.931	-0.00017562	0.002017153	537349	534596
7	73037366	rs55747707	G	A	0.192	23.4	1.33E-06	0.011665537	0.002411553	537349	530607
7	77333267	rs11764879	G	A	0.269	0.0234	0.878	-0.000326881	0.002136886	537349	531733
7	104756326	rs1142	C	T	0.35	9.04	0.00264	0.006053428	0.00201334	537349	533519
7	116954785	rs39312	A	C	0.376	1.25	0.264	0.002241468	0.00200483	537349	527865
7	120889272	rs6942652	G	C	0.421	1.23	0.268	-0.002160302	0.001947879	537349	535892
7	136717447	rs13229637	T	C	0.15	1.34	0.247	-0.003069344	0.002651509	537349	528162
8	19824667	rs15285	C	T	0.3	0.963	0.326	-0.002096981	0.002136886	537349	536156
8	23610639	rs9644033	A	T	0.237	1.07	0.3	0.00235682	0.002278424	537349	531793
8	25464690	rs11992444	G	T	0.508	0.0101	0.92	-0.000193952	0.001929895	537349	494093
8	38329650	rs36061954	C	T	0.382	1.59	0.208	0.002487077	0.001972381	537349	526971
8	60264465	rs62506196	A	C	0.164	0.00653	0.936	0.000213712	0.002644674	537349	532097
8	72396213	rs28446899	C	T	0.0695	3.98	0.0459	-0.007310769	0.003664557	537349	529938
8	73439070	rs1431659	A	G	0.727	0.132	0.717	0.000789406	0.002172769	537349	533936
8	128334900	rs13256367	A	C	0.339	2.4	0.121	-0.003168488	0.00204525	537349	529910
9	15670492	rs6474945	G	T	0.469	9.91	0.00164	-0.00610388	0.001938961	537349	535827
9	28412375	rs2183825	T	C	0.298	2.34	0.126	-0.003158071	0.002064496	537349	532506
9	95568230	rs1974004	C	T	0.158	0.115	0.735	-0.000918645	0.002708937	537349	532118
9	96758342	rs2398893	A	G	0.282	3.02	0.0821	-0.003745857	0.002155499	537349	533746
9	107726918	rs10991433	T	C	0.105	0.717	0.397	0.002653351	0.003133539	537349	525894
9	111972671	rs12684047	T	A	0.182	6.41	0.0113	-0.006212907	0.002453951	537349	510220
9	134881443	rs7025089	C	A	0.666	0.247	0.619	-0.001028576	0.002069607	537349	536243
10	5648787	rs7907173	G	A	0.446	2.07	0.15	-0.002786018	0.001936416	537349	533928
10	21908803	rs1243188	T	C	0.309	0.199	0.655	-0.000938127	0.002102979	537349	535004
10	33672884	rs10827252	A	G	0.529	0.0336	0.855	0.000353637	0.001929246	537349	530441
10	34168090	rs1757471	C	T	0.499	0.882	0.348	0.001811976	0.001929381	537349	536202
10	61842645	rs7070670	C	T	0.311	3.56	0.0591	-0.00387972	0.002056247	537349	523319
10	65318766	rs10761785	G	T	0.522	1.84	0.175	-0.002744187	0.002023041	489382	485696
10	80907147	rs780159	A	G	0.604	6.05	0.0139	-0.00480883	0.001955067	537349	491416
10	89604732	rs10788569	T	C	0.246	2.84	0.0922	0.003678977	0.002183071	537349	529780
10	95346805	rs11187537	G	C	0.278	0.596	0.44	-0.001695655	0.002196415	537349	531492
10	115860058	rs12777288	T	C	0.238	0.51	0.475	0.00164452	0.002302789	537349	535353
10	122875040	rs17101456	A	G	0.117	2.58	0.108	-0.004875255	0.003035201	537349	535475
11	8694073	rs12575252	G	C	0.379	18.1	2.10E-05	0.008627186	0.002027822	537349	526758
11	13274553	rs747601	A	T	0.712	2.82	0.093	0.003615683	0.002153108	537349	535097
11	27695464	rs11030108	A	G	0.709	3.42	0.0643	-0.003821047	0.002066186	537349	533938
11	30432220	rs13642	A	T	0.351	0.251	0.616	-0.001009949	0.002015871	537349	533580
11	47606865	rs12287076	G	C	0.696	19	1.33E-05	-0.009270784	0.002126864	533585	518374
11	64031241	rs35169799	C	T	0.0629	0.8	0.371	-0.003530263	0.003946955	537349	512669
11	69262756	rs7395513	G	A	0.445	3.05	0.0808	0.003392982	0.001942816	537349	515761
11	85322400	rs536665	A	G	0.18	4.25E-05	0.995	1.56E-05	0.002393785	537349	531093
11	111895254	rs2276390	G	T	0.351	3.22	0.0729	-0.003619652	0.002017153	537349	532365
11	118944675	rs3825061	C	T	0.38	3.05	0.0806	-0.003455503	0.001978615	537349	536043
11	122014110	rs579682	C	T	0.726	3.71	0.0542	0.004151784	0.002155499	537349	531952
11	130271647	rs747249	A	G	0.668	0.00162	0.968	8.10E-05	0.00201334	537349	532808
12	998365	rs12828016	G	T	0.383	0.215	0.643	0.000921018	0.001986319	537349	537119
12	9075014	rs1805740	G	T	0.706	0.133	0.715	-0.000779304	0.002136886	537349	533278
12	26471364	rs10842707	C	T	0.223	0.0265	0.871	0.000375453	0.002306386	537349	530777
12	33734935	rs2200155	G	A	0.348	11.3	0.000765	0.006767939	0.00201334	537349	530589
12	50247468	rs7138803	G	A	0.36	23.8	1.05E-06	-0.009720523	0.001992513	537349	536829
12	54421476	rs10876528	C	A	0.359	0.00617	0.937	-0.000156679	0.001994659	537349	532281
12	66441684	rs11176015	C	T	0.28	0.0742	0.785	-0.000587151	0.002155499	537349	523818
12	94092690	rs10745659	C	G	0.43	0.786	0.375	-0.001721625	0.001941902	537349	531515
12	98772975	rs7311622	C	T	0.449	1.34	0.247	-0.002241957	0.001936756	537349	528779
12	108594069	rs4964656	G	C	0.32	13.1	3.00E-04	-0.00785711	0.002170837	500531	492018
12	124505444	rs863750	C	T	0.581	0.0479	0.827	0.000432056	0.001974115	537349	532279
13	31033232	rs1045411	C	T	0.25	4.46	0.0348	-0.004557224	0.002157908	537349	527574
13	51221618	rs797486	C	A	0.877	0.357	0.55	-0.00173094	0.002896995	537349	530064
13	93896935	rs12430764	G	A	0.511	0.0357	0.85	0.000364643	0.001929895	537349	534159
13	111040798	rs9515201	A	C	0.702	0.185	0.667	-0.000905384	0.002104976	537349	521375
14	25928179	rs10132280	C	A	0.312	0.0277	0.868	-0.000349676	0.002100998	537349	527406
14	58815839	rs1190982	T	C	0.705	19	1.30E-05	-0.009107626	0.002089433	537349	533338
14	71359064	rs2526886	G	T	0.665	5.81	0.0159	0.005036356	0.002089433	537349	531481
14	79939993	rs17109256	G	A	0.201	15.2	9.74E-05	-0.009138895	0.002344077	537349	535357
14	91547136	rs7492628	C	G	0.318	7.93	0.00488	0.005852838	0.002078404	537349	527264
14	103350197	rs12590238	C	G	0.192	0.0308	0.861	-0.00045281	0.002580123	537349	530987
15	31705683	rs4779526	A	T	0.26	0.346	0.556	-0.001308631	0.002224739	537349	527970
15	42102285	rs12440605	G	A	0.513	4.13	0.0421	-0.003925995	0.001931856	537349	534974
15	51748610	rs3736485	A	G	0.521	0.215	0.643	0.000898704	0.001938194	537349	531070
15	53044002	rs10851523	G	C	0.276	1.86	0.173	0.002914324	0.002136886	537349	524364
15	67661784	rs8043060	G	A	0.231	0.474	0.491	-0.001578108	0.002292174	537349	532357
15	81058640	rs12593088	G	A	0.289	0.489	0.485	0.001465105	0.002095147	537349	530945
15	92570921	rs12101393	C	G	0.199	0.027	0.869	0.000383258	0.002332433	537349	530144
16	4484396	rs1139653	A	T	0.718	4.1	0.0429	0.004387165	0.002166667	535425	525683
16	28883241	rs7498665	A	G	0.381	44.6	2.40E-11	-0.013173388	0.001972559	535425	531414
16	29995218	rs4788204	G	A	0.427	19.8	8.53E-06	-0.008639901	0.001941673	535425	533123
16	53801985	rs9923544	C	T	0.427	23.5	1.22E-06	-0.009467814	0.001953061	535425	534768
16	69556715	rs889398	C	T	0.406	1.22	0.269	-0.002164043	0.001959233	535425	525796
16	81534790	rs2925979	T	C	0.7	6.13	0.0133	0.005216078	0.002106754	535425	523415
16	82872628	rs7206608	C	G	0.303	1.6	0.206	0.002613967	0.002066522	535425	526827
17	2136065	rs7217226	T	G	0.358	10.2	0.00143	0.006438176	0.002015871	537349	535267
17	3981066	rs8070737	G	T	0.178	0.315	0.575	-0.001412258	0.002516278	537349	536370
17	21279289	rs7213608	C	T	0.678	3.88	0.0488	-0.004037807	0.002049886	537349	499015
17	34848874	rs2306589	T	C	0.538	0.797	0.372	-0.001725233	0.001932495	537349	534426
17	40698075	rs591939	A	G	0.23	14	0.00018	-0.008427107	0.002252239	537349	524062
17	46080233	rs8071778	G	C	0.163	8.59	0.00338	-0.007711764	0.00263122	537349	530792
17	65947640	rs12449442	G	A	0.221	9.65	0.00189	0.007477373	0.002407051	537349	531761
17	68446861	rs11654387	C	G	0.528	0.039	0.843	-0.000381022	0.001929381	537349	533426
17	79923718	rs4239275	T	C	0.583	4.56	0.0327	-0.004192575	0.001963353	535425	491734
18	13072979	rs1787013	T	C	0.454	0.709	0.4	-0.00163332	0.001939761	537349	534478
18	21069068	rs62095889	G	A	0.326	1.83	0.176	0.00273405	0.002021068	537349	527686
18	34690744	rs10164099	T	C	0.132	0.253	0.615	-0.001406772	0.002796814	537349	535506
18	40736590	rs1158805	C	A	0.38	25.4	4.56E-07	0.010005706	0.001985322	537349	535679
18	46853270	rs494752	G	C	0.642	1.7	0.193	-0.002672724	0.002049886	537349	536302
18	53445930	rs6566233	T	C	0.489	6.23	0.0126	-0.004818506	0.001930494	537349	532705
18	57829135	rs6567160	T	C	0.225	4.95	0.0261	-0.005069172	0.002278424	537349	535015
19	2176586	rs12459350	A	G	0.474	0.514	0.473	-0.001386548	0.001933986	537349	505133
19	18389135	rs12608504	A	G	0.636	0.0317	0.859	0.000358243	0.002012092	537349	513146
19	18469017	rs12986231	T	C	0.255	0.0423	0.837	-0.000448991	0.002183071	537349	493720
19	19378671	rs998732	A	G	0.164	1.79	0.18	-0.003538333	0.002644674	537349	535754
19	30286822	rs17513613	T	C	0.324	0.127	0.721	-0.000732786	0.002056247	537349	529643
19	33893008	rs3786897	A	G	0.408	1.19	0.276	0.00212672	0.001949561	537349	525622
19	45411941	rs429358	T	C	0.141	1.34	0.247	-0.003118652	0.002694105	537349	520850
19	46181392	rs1800437	G	C	0.202	1.25	0.264	-0.002681233	0.002398168	537349	514896
20	6623374	rs979012	T	C	0.655	1.9	0.168	0.002780454	0.002017153	537349	532354
20	33905619	rs1406948	G	A	0.401	0.0037	0.951	0.000121758	0.002001682	533585	530644
20	42010996	rs6130360	A	G	0.156	1.72	0.189	0.00360332	0.002747506	537349	532455
20	45529571	rs2236519	G	A	0.366	2	0.158	-0.002819349	0.001993581	537349	529273
20	45789953	rs3092781	C	T	0.452	0.0716	0.789	-0.00051815	0.001936416	537349	534024
20	50982870	rs6021889	A	G	0.281	0.000815	0.977	-6.13E-05	0.002146047	537349	535072
20	56135199	rs1328757	C	T	0.457	7.94	0.00484	-0.005452833	0.001935138	537349	527940
21	35593827	rs28451064	G	A	0.126	9.38	0.0022	0.008700072	0.002840674	537349	510531
21	39484323	rs9976841	G	A	0.412	5.62	0.0178	-0.004739113	0.001999074	537349	535346
22	29449477	rs2294239	A	G	0.418	0.105	0.746	0.000632693	0.001952534	537349	529957
22	40669648	rs733381	A	G	0.21	0.111	0.739	0.000780968	0.002344077	537349	532802
22	47214749	rs8141715	T	G	0.265	2.2	0.138	0.003230317	0.002177879	537349	532314